chart|date|executionTime|upstreamLatency|proxyLatency|responseCode|responseTime
2017/12/24|13:20:03|0.601|6|0|200|61.44595146179199
2017/12/24|13:30:03|0.687|6|0|200|40.57502746582031
2017/12/24|13:40:03|0.623|7|0|200|40.003061294555664
2017/12/24|13:50:03|1.495|30|0|200|64.5449161529541
2017/12/24|14:00:03|0.55|7|0|200|62.76893615722656
2017/12/24|14:10:03|0.716|6|86|200|148.73790740966797
2017/12/24|14:20:03|0.571|6|0|200|62.48617172241211
2017/12/24|14:30:03|0.569|6|21|200|61.70296669006348
2017/12/24|14:40:03|0.726|8|0|200|42.32001304626465
2017/12/24|14:50:03|1.827|30|0|200|65.10305404663086
2017/12/24|15:00:03|0.937|9|0|200|45.72582244873047
2017/12/24|15:10:03|1.364|27|90|200|173.14577102661133
2017/12/24|15:20:03|0.549|11|0|200|66.64204597473145
2017/12/24|15:30:03|0.635|6|0|200|41.274070739746094
2017/12/24|15:40:03|0.612|6|0|200|42.22893714904785
2017/12/24|15:50:03|0.574|5|18|200|79.41985130310059
2017/12/24|16:00:03|1.287|35|0|200|70.05000114440918
2017/12/24|16:10:03|0.497|6|87|200|127.77495384216309
2017/12/24|16:20:03|0.55|7|0|200|63.02618980407715
2017/12/24|16:30:03|0.635|5|0|200|61.07687950134277
2017/12/24|16:40:03|1.181|28|0|200|62.86001205444336
2017/12/24|16:50:03|0.46|6|0|200|39.752960205078125
2017/12/24|17:00:03|0.496|5|0|200|39.1850471496582
2017/12/24|17:10:03|1.066|29|0|200|64.42999839782715
2017/12/24|17:20:03|1.16|27|43|200|106.22811317443848
2017/12/24|17:30:03|0.482|6|0|200|40.78793525695801
2017/12/24|17:40:03|0.586|7|0|200|40.521860122680664
2017/12/24|17:50:03|0.629|6|0|200|39.84713554382324
2017/12/24|18:00:03|0.377|5|0|200|81.85911178588867
2017/12/24|18:10:03|0.469|5|0|200|60.430049896240234
2017/12/24|18:20:03|0.452|4|45|200|85.63899993896484
2017/12/24|18:30:03|1.409|32|0|200|68.88198852539062
2017/12/24|18:40:03|0.422|5|0|200|62.960147857666016
2017/12/24|18:50:03|0.572|6|0|200|41.136980056762695
2017/12/24|19:00:03|0.388|6|0|200|62.91604042053223
2017/12/24|19:10:03|7.609|40|0|200|97.04017639160156
2017/12/24|19:20:03|1.274|31|0|200|67.09504127502441
2017/12/24|19:30:03|0.597|5|68|200|302.46591567993164
2017/12/24|19:40:03|0.489|5|0|200|61.04898452758789
2017/12/24|19:50:04|0.451|5|0|200|39.96396064758301
2017/12/24|20:00:03|0.411|5|0|200|59.6470832824707
2017/12/24|20:10:03|0.576|5|0|200|61.09809875488281
2017/12/24|20:20:03|0.447|5|0|200|40.44508934020996
2017/12/24|20:30:03|0.476|4|19|200|58.097124099731445
2017/12/24|20:40:03|1.602|27|65|200|126.39594078063965
2017/12/24|20:50:03|0.428|5|0|200|62.47997283935547
2017/12/24|21:00:03|1.068|27|0|200|63.80605697631836
2017/12/24|21:10:03|1.394|34|18|200|87.84198760986328
2017/12/24|21:20:03|0.565|5|43|200|103.7900447845459
2017/12/24|21:30:03|1.266|35|0|200|68.86100769042969
2017/12/24|21:40:03|0.748|7|0|200|43.81704330444336
2017/12/24|21:50:03|2.784|39|42|200|115.84806442260742
2017/12/24|22:00:03|0.444|5|0|200|39.440155029296875
2017/12/24|22:10:03|0.454|6|0|200|42.8011417388916
2017/12/24|22:20:03|0.573|5|0|200|41.504859924316406
2017/12/24|22:30:03|0.557|6|0|200|40.27390480041504
2017/12/24|22:40:03|0.594|7|0|200|40.64798355102539
2017/12/24|22:50:03|0.633|4|45|200|105.4689884185791
2017/12/24|23:00:03|1.473|35|0|200|70.41716575622559
2017/12/24|23:10:03|1.071|31|21|200|87.67008781433105
2017/12/24|23:20:03|0.586|5|0|200|60.81199645996094
2017/12/24|23:30:03|1.371|36|18|200|90.51704406738281
2017/12/24|23:40:03|0.663|6|0|200|40.16304016113281
2017/12/24|23:50:03|0.573|5|0|200|61.31482124328613
2017/12/25|00:00:03|0.443|5|48|200|110.1529598236084
2017/12/25|00:10:03|1.008|32|0|200|66.42580032348633
2017/12/25|00:20:03|0.669|6|0|200|61.52009963989258
2017/12/25|00:30:03|0.694|5|89|200|130.01012802124023
2017/12/25|00:40:03|1.03|36|21|200|91.83716773986816
2017/12/25|00:50:03|0.57|7|0|200|64.80717658996582
2017/12/25|01:00:03|1.116|34|21|200|91.08591079711914
2017/12/25|01:10:03|1.028|28|69|200|131.14213943481445
2017/12/25|01:20:03|0.608|7|0|200|62.88790702819824
2017/12/25|01:30:03|0.584|7|45|200|109.28606986999512
2017/12/25|01:40:03|1.137|28|0|200|63.79199028015137
2017/12/25|01:50:03|0.491|5|0|200|39.3979549407959
2017/12/25|02:00:03|0.921|26|21|200|81.48908615112305
2017/12/25|02:10:03|1.151|27|65|200|126.2509822845459
2017/12/25|02:20:03|1.634|40|0|200|95.6270694732666
2017/12/25|02:30:03|0.959|34|50|200|118.49403381347656
2017/12/25|02:40:03|2.154|22|0|200|59.80110168457031
2017/12/25|02:50:03|1.027|7|0|200|63.462018966674805
2017/12/25|03:00:03|1.577|14|0|200|70.89900970458984
2017/12/25|03:10:03|1.36|14|0|200|52.149057388305664
2017/12/25|03:20:03|0.985|41|45|200|142.2119140625
2017/12/25|03:30:03|22.252|42|19|200|96.466064453125
2017/12/25|03:40:03|1.315|27|0|200|63.54784965515137
2017/12/25|03:50:03|1.441|27|0|200|83.21905136108398
2017/12/25|04:00:03|1.034|10|0|200|65.75417518615723
2017/12/25|04:10:03|1.262|11|0|200|66.47801399230957
2017/12/25|04:20:03|0.933|8|0|200|64.99600410461426
2017/12/25|04:30:03|2.564|10|44|200|89.28418159484863
2017/12/25|04:40:03|0.949|27|0|200|84.08689498901367
2017/12/25|04:50:03|0.923|33|21|200|109.80892181396484
2017/12/25|05:00:03|1.367|31|19|200|84.58995819091797
2017/12/25|05:10:03|1.553|12|0|200|70.66202163696289
2017/12/25|05:20:03|1.036|32|0|200|67.14892387390137
2017/12/25|05:30:03|0.937|34|68|200|159.11293029785156
2017/12/25|05:40:03|1.187|31|0|200|65.92297554016113
2017/12/25|05:50:03|0.721|6|0|200|39.93415832519531
2017/12/25|06:00:03|1.196|30|21|200|86.25006675720215
2017/12/25|06:10:03|2.725|10|0|200|66.88904762268066
2017/12/25|06:20:03|2.229|15|0|200|71.2130069732666
2017/12/25|06:30:03|1.212|27|61|200|124.93491172790527
2017/12/25|06:40:03|1.096|31|0|200|1645.9550857543945
2017/12/25|06:50:03|0.863|8|0|200|64.32294845581055
2017/12/25|07:00:03|0.592|5|0|200|62.21199035644531
2017/12/25|07:10:03|1.017|37|0|200|93.57404708862305
2017/12/25|07:20:03|1.004|27|0|200|82.74412155151367
2017/12/25|07:30:03|1.388|6|0|200|42.495012283325195
2017/12/25|07:40:03|0.784|6|85|200|126.38401985168457
2017/12/25|07:50:03|0.959|27|0|200|83.1758975982666
2017/12/25|08:00:03|1.01|29|0|200|85.3281021118164
2017/12/25|08:10:03|0.68|9|0|200|67.08312034606934
2017/12/25|08:20:03|0.739|9|0|200|64.71991539001465
2017/12/25|08:30:03|0.65|9|0|200|64.56589698791504
2017/12/25|08:40:03|0.817|7|68|200|109.35115814208984
2017/12/25|08:50:03|0.996|7|51|200|93.18804740905762
2017/12/25|09:00:03|0.986|27|0|200|85.68191528320312
2017/12/25|09:10:03|0.615|8|0|200|41.98789596557617
2017/12/25|09:20:03|0.921|35|0|200|69.63682174682617
2017/12/25|09:30:03|0.706|5|0|200|41.867971420288086
2017/12/25|09:40:03|0.564|5|67|200|111.18102073669434
2017/12/25|09:50:03|0.989|38|46|200|119.11296844482422
2017/12/25|10:00:03|0.682|6|47|200|114.2580509185791
2017/12/25|10:10:03|0.757|6|0|200|41.619062423706055
2017/12/25|10:20:03|0.551|10|0|200|47.17898368835449
2017/12/25|10:30:03|1.056|25|0|200|81.33292198181152
2017/12/25|10:40:03|0.544|6|0|200|61.59687042236328
2017/12/25|10:50:03|1.07|28|0|200|63.85087966918945
2017/12/25|11:00:03|0.87|6|18|200|59.72886085510254
2017/12/25|11:10:03|0.954|25|45|200|105.41510581970215
2017/12/25|11:20:03|0.533|5|0|200|41.38588905334473
2017/12/25|11:30:03|0.501|6|21|200|61.10692024230957
2017/12/25|11:40:03|0.867|6|0|200|62.28208541870117
2017/12/25|11:50:03|0.643|7|0|200|42.52886772155762
2017/12/25|12:00:03|0.885|7|46|200|88.59515190124512
2017/12/25|12:10:03|2.759|9|18|200|62.43109703063965
2017/12/25|12:20:03|1.155|49|60|200|147.13096618652344
2017/12/25|12:30:03|1.031|39|0|200|98.17099571228027
2017/12/25|12:40:03|1.04|26|19|200|79.74600791931152
2017/12/25|12:50:03|0.741|6|0|200|62.35218048095703
2017/12/25|13:00:03|0.529|6|44|200|84.75494384765625
2017/12/25|13:10:03|1.277|12|0|200|47.15704917907715
2017/12/25|13:20:03|0.585|7|0|200|40.62199592590332
2017/12/25|13:30:03|0.901|26|70|200|152.71902084350586
2017/12/25|13:40:03|0.886|26|19|200|80.71398735046387
2017/12/25|13:50:03|0.993|12|0|200|49.38793182373047
2017/12/25|14:00:03|0.481|4|22|200|61.35892868041992
2017/12/25|14:10:03|0.483|5|21|200|60.025930404663086
2017/12/25|14:20:03|0.403|4|22|200|83.0390453338623
2017/12/25|14:30:03|0.439|5|0|200|39.659976959228516
2017/12/25|14:40:03|0.466|5|44|200|106.22191429138184
2017/12/25|14:50:03|0.43|6|0|200|62.29209899902344
2017/12/25|15:00:03|1.233|29|0|200|63.684940338134766
2017/12/25|15:10:03|0.593|6|0|200|41.19992256164551
2017/12/25|15:20:03|0.59|7|0|200|41.11289978027344
2017/12/25|15:30:03|1.044|26|0|200|82.12399482727051
2017/12/25|15:40:03|0.532|6|0|200|41.712045669555664
2017/12/25|15:50:03|0.486|5|46|200|86.02690696716309
2017/12/25|16:00:03|0.45|5|0|200|40.12012481689453
2017/12/25|16:10:03|0.718|6|48|200|89.15400505065918
2017/12/25|16:20:03|0.755|7|0|200|45.7301139831543
2017/12/25|16:30:03|1.84|29|0|200|958.1520557403564
2017/12/25|16:40:03|0.877|25|0|200|60.16683578491211
2017/12/25|16:50:03|0.627|5|107|200|147.9799747467041
2017/12/25|17:00:03|0.443|6|0|200|41.33796691894531
2017/12/25|17:10:03|0.486|6|46|200|107.93709754943848
2017/12/25|17:20:03|0.491|5|0|200|39.93391990661621
2017/12/25|17:30:03|1.199|31|0|200|66.23411178588867
2017/12/25|17:40:03|0.678|6|0|200|40.776968002319336
2017/12/25|17:50:03|0.656|6|105|200|146.07906341552734
2017/12/25|18:00:03|0.632|7|0|200|40.840864181518555
2017/12/25|18:10:03|0.887|28|47|200|110.04805564880371
2017/12/25|18:20:03|0.531|7|0|200|41.996002197265625
2017/12/25|18:30:03|1.457|28|0|200|63.04478645324707
2017/12/25|18:40:03|0.514|6|0|200|99.90620613098145
2017/12/25|18:50:03|1.209|26|0|200|59.94701385498047
2017/12/25|19:00:03|1.227|27|65|200|126.58810615539551
2017/12/25|19:10:03|1.327|6|0|200|62.26205825805664
2017/12/25|19:20:03|0.832|25|0|200|65.37985801696777
2017/12/25|19:30:03|0.904|26|0|200|62.08610534667969
2017/12/25|19:40:03|0.91|6|0|200|40.38596153259277
2017/12/25|19:50:03|0.409|6|0|200|40.53616523742676
2017/12/25|20:00:03|2.25|30|0|200|64.87584114074707
2017/12/25|20:10:03|0.431|5|43|200|103.9741039276123
2017/12/25|20:20:03|0.452|4|45|200|85.13212203979492
2017/12/25|20:30:03|0.495|6|0|200|40.209054946899414
2017/12/25|20:40:03|0.485|5|0|200|40.73596000671387
2017/12/25|20:50:03|0.999|26|0|200|61.20109558105469
2017/12/25|21:00:03|0.634|5|0|200|1242.3570156097412
2017/12/25|21:10:03|0.582|6|0|200|43.20812225341797
2017/12/25|21:20:03|0.830|33|66|200|157.0298671722412
2017/12/25|21:30:03|0.563|5|0|200|39.8099422454834
2017/12/25|21:40:03|0.401|5|0|200|41.02802276611328
2017/12/25|21:50:03|0.487|5|0|200|40.82202911376953
2017/12/25|22:00:03|0.762|34|0|200|69.57888603210449
2017/12/25|22:10:03|1.214|26|0|200|59.95893478393555
2017/12/25|22:20:03|0.405|4|44|200|103.76715660095215
2017/12/25|22:30:03|0.4|4|21|200|61.424970626831055
2017/12/25|22:40:03|0.436|5|0|200|38.61379623413086
2017/12/25|22:50:03|0.876|34|0|200|69.17095184326172
2017/12/25|23:00:03|1.355|25|24|200|106.98699951171875
2017/12/25|23:10:03|0.494|7|0|200|42.70792007446289
2017/12/25|23:20:03|0.488|5|0|200|43.07389259338379
2017/12/25|23:30:03|0.609|10|86|200|129.96292114257812
2017/12/25|23:40:03|0.888|26|0|200|61.398983001708984
2017/12/25|23:50:03|0.44|5|0|200|50.585031509399414
2017/12/26|00:00:03|0.623|6|66|200|107.31196403503418
2017/12/26|00:10:03|0.412|5|0|200|41.207075119018555
2017/12/26|00:20:03|0.912|5|0|200|40.7719612121582
2017/12/26|00:30:03|2.071|27|0|200|62.55006790161133
2017/12/26|00:40:03|0.647|5|62|200|102.70214080810547
2017/12/26|00:50:03|1.034|25|21|200|80.60503005981445
2017/12/26|01:00:03|0.743|6|0|200|40.5271053314209
2017/12/26|01:10:03|0.996|27|22|200|85.45207977294922
2017/12/26|01:20:03|0.831|6|19|200|60.392141342163086
2017/12/26|01:30:03|0.953|26|0|200|61.810970306396484
2017/12/26|01:40:03|0.653|6|0|200|62.09397315979004
2017/12/26|01:50:03|0.495|4|44|200|84.67221260070801
2017/12/26|02:00:03|0.47|6|0|200|41.06402397155762
2017/12/26|02:10:03|1.076|36|0|200|71.06399536132812
2017/12/26|02:20:03|1.0|30|0|200|65.92106819152832
2017/12/26|02:30:03|0.897|33|0|200|89.25890922546387
2017/12/26|02:40:03|2.231|23|18|200|75.88481903076172
2017/12/26|02:50:03|8.559|22|43|200|99.60103034973145
2017/12/26|03:00:03|0.959|27|0|200|85.58106422424316
2017/12/26|03:10:03|1.146|10|19|200|63.76290321350098
2017/12/26|03:20:03|12.309|40|0|200|75.39486885070801
2017/12/26|03:30:03|1.908|10|18|200|63.28296661376953
2017/12/26|03:40:03|2.238|16|62|200|135.61415672302246
2017/12/26|03:50:03|1.244|14|65|200|135.62703132629395
2017/12/26|04:00:03|5.151|12|0|200|70.26886940002441
2017/12/26|04:10:03|0.914|27|18|200|79.16522026062012
2017/12/26|04:20:03|0.866|26|0|200|80.96003532409668
2017/12/26|04:30:03|3.124|12|0|200|45.974016189575195
2017/12/26|04:40:03|1.484|9|60|200|126.53017044067383
2017/12/26|04:50:03|1.267|11|67|200|133.9099407196045
2017/12/26|05:00:03|0.968|9|0|200|45.38393020629883
2017/12/26|05:10:03|0.848|34|0|200|90.11101722717285
2017/12/26|05:20:03|1.234|11|0|200|44.97504234313965
2017/12/26|05:30:03|2.751|13|0|200|47.09601402282715
2017/12/26|05:40:03|0.880|25|3|200|63.80605697631836
2017/12/26|05:55:11|0.93|8|44|200|86.78007125854492
2017/12/26|06:16:46|0.808|6|0|200|41.99504852294922
2017/12/26|06:26:28|0.887|25|0|200|52.34193801879883
2017/12/26|06:36:10|1.346|8|0|200|44.33012008666992
2017/12/26|06:46:05|0.659|7|43|200|79.04195785522461
2017/12/26|06:55:46|1.049|30|45|200|110.44502258300781
2017/12/26|07:05:28|0.904|30|22|200|79.14280891418457
2017/12/26|07:15:11|0.979|26|21|200|173.07209968566895
2017/12/26|07:24:54|0.784|7|0|200|34.5761775970459
2017/12/26|07:34:37|1.064|26|22|200|103.79791259765625
2017/12/26|07:44:20|0.824|7|21|200|55.201053619384766
2017/12/26|07:54:02|0.693|7|0|200|42.24896430969238
2017/12/26|08:03:48|0.926|25|44|200|96.57692909240723
2017/12/26|08:13:46|0.975|6|23|200|86.14420890808105
2017/12/26|08:23:28|0.517|6|0|200|32.77993202209473
2017/12/26|08:33:10|0.879|11|0|200|46.07415199279785
2017/12/26|08:43:08|0.803|29|22|200|77.72016525268555
2017/12/26|08:52:52|0.899|25|65|200|126.33991241455078
2017/12/26|09:02:33|0.909|28|21|200|76.02381706237793
2017/12/26|09:12:18|0.926|11|141|200|192.40403175354004
2017/12/26|09:21:59|1.752|32|18|200|77.43096351623535
2017/12/26|09:31:40|0.756|9|0|200|65.92488288879395
2017/12/26|09:41:23|0.872|31|0|200|58.36892127990723
2017/12/26|09:51:04|6.236|39|0|200|96.57907485961914
2017/12/26|10:00:46|0.894|7|0|200|34.16895866394043
2017/12/26|10:10:27|0.563|6|18|200|81.54582977294922
2017/12/26|10:20:11|0.711|8|47|200|82.49711990356445
2017/12/26|10:30:03|0.513|8|20|200|66.33281707763672
2017/12/26|10:40:03|0.806|25|0|200|52.91891098022461
2017/12/26|10:50:03|0.499|7|0|200|43.04099082946777
2017/12/26|11:00:03|1.486|7|46|200|80.6739330291748
2017/12/26|11:10:03|0.854|34|0|200|91.0029411315918
2017/12/26|11:20:03|0.631|5|19|200|52.066802978515625
2017/12/26|11:30:03|0.708|6|46|200|87.99600601196289
2017/12/26|11:40:03|1.011|8|0|200|34.97195243835449
2017/12/26|11:50:03|0.578|6|21|200|61.72609329223633
2017/12/26|12:00:03|2.115|7|43|200|78.2630443572998
2017/12/26|12:10:03|0.815|9|0|200|64.99791145324707
2017/12/26|12:20:03|0.783|30|18|200|78.41992378234863
2017/12/26|12:30:03|0.57|7|0|200|46.293020248413086
2017/12/26|12:40:02|0.845|25|44|200|97.28097915649414
2017/12/26|12:50:03|0.884|32|21|200|1790.7280921936035
2017/12/26|13:00:03|0.689|7|0|200|33.86712074279785
2017/12/26|13:10:03|0.599|8|0|200|44.072866439819336
2017/12/26|13:20:03|0.422|10|0|200|37.34183311462402
2017/12/26|13:30:03|0.997|7|0|200|42.474985122680664
2017/12/26|13:40:03|0.864|25|47|200|98.92487525939941
2017/12/26|13:50:03|0.681|7|0|200|42.25802421569824
2017/12/26|14:00:03|0.512|6|0|200|34.04712677001953
2017/12/26|14:10:02|0.508|5|43|200|83.86993408203125
2017/12/26|14:20:03|0.788|34|19|200|81.93802833557129
2017/12/26|14:30:03|0.399|5|0|200|66.50400161743164
2017/12/26|14:40:03|0.824|24|19|200|72.0510482788086
2017/12/26|14:50:02|1.001|5|40|200|102.40387916564941
2017/12/26|15:00:19|0.863|24|21|200|72.62420654296875
2017/12/26|15:10:03|0.868|28|72|200|140.03396034240723
2017/12/26|15:20:02|0.578|6|0|200|33.16307067871094
2017/12/26|15:30:03|0.462|5|0|200|41.0459041595459
2017/12/26|15:40:03|0.584|6|0|200|32.3948860168457
2017/12/26|15:50:02|0.870|31|0|200|87.90397644042969
2017/12/26|16:00:03|0.383|5|44|200|75.7448673248291
2017/12/26|16:10:03|0.851|26|63|200|148.7419605255127
2017/12/26|16:20:03|0.464|5|67|200|99.32494163513184
2017/12/26|16:30:03|0.526|5|0|200|43.0600643157959
2017/12/26|16:40:03|0.827|33|21|200|80.68203926086426
2017/12/26|16:50:03|0.591|6|0|200|43.615102767944336
2017/12/26|17:00:03|6.531|31|45|200|103.45101356506348
2017/12/26|17:10:02|0.459|5|0|200|39.75701332092285
2017/12/26|17:20:03|0.473|5|0|200|32.572031021118164
2017/12/26|17:30:03|0.425|6|0|200|41.615962982177734
2017/12/26|17:40:03|0.46|4|0|200|32.32383728027344
2017/12/26|17:50:03|0.511|5|0|200|42.680978775024414
2017/12/26|18:00:03|0.424|5|0|200|32.154083251953125
2017/12/26|18:10:03|0.866|27|48|200|110.95190048217773
2017/12/26|18:20:03|0.723|8|0|200|35.15815734863281
2017/12/26|18:30:03|0.422|5|0|200|39.69311714172363
2017/12/26|18:40:03|0.993|26|0|200|53.30085754394531
2017/12/26|18:50:02|0.862|25|21|200|82.6418399810791
2017/12/26|19:00:03|1.159|26|18|200|71.0909366607666
2017/12/26|19:10:03|0.473|5|0|200|40.1608943939209
2017/12/26|19:20:03|0.998|33|110|200|169.75903511047363
2017/12/26|19:30:03|0.6|7|0|200|43.34616661071777
2017/12/26|19:40:03|0.409|6|0|200|32.058000564575195
2017/12/26|19:50:03|0.452|5|0|200|63.928842544555664
2017/12/26|20:00:03|0.526|6|0|200|32.51504898071289
2017/12/26|20:10:03|0.459|5|0|200|39.14499282836914
2017/12/26|20:20:03|1.05|24|18|200|70.04618644714355
2017/12/26|20:30:03|0.806|33|49|200|116.95981025695801
2017/12/26|20:40:03|0.444|5|0|200|31.7840576171875
2017/12/26|20:50:03|0.444|5|0|200|40.84491729736328
2017/12/26|21:00:03|0.394|4|0|200|31.352996826171875
2017/12/26|21:10:02|11.646|53|21|200|109.38596725463867
2017/12/26|21:20:03|0.994|5|0|200|31.885147094726562
2017/12/26|21:30:03|0.494|6|0|200|40.866851806640625
2017/12/26|21:40:03|1.107|35|42|200|103.76906394958496
2017/12/26|21:50:03|0.368|5|0|200|40.45295715332031
2017/12/26|22:00:03|1.294|27|21|200|75.35314559936523
2017/12/26|22:10:03|0.476|5|0|200|39.363861083984375
2017/12/26|22:20:03|1.329|7|0|200|33.81919860839844
2017/12/26|22:30:03|0.506|8|45|200|87.3258113861084
2017/12/26|22:40:03|0.939|28|0|200|55.61995506286621
2017/12/26|22:50:03|0.623|4|46|200|88.1948471069336
2017/12/26|23:00:03|0.378|4|0|200|32.154083251953125
2017/12/26|23:10:03|0.731|26|18|200|80.5060863494873
2017/12/26|23:20:03|0.823|29|0|200|56.53786659240723
2017/12/26|23:30:03|0.442|4|45|200|182.73091316223145
2017/12/26|23:40:03|0.833|34|0|200|60.75406074523926
2017/12/26|23:50:03|0.466|6|0|200|41.75281524658203
2017/12/27|00:00:03|0.482|5|50|200|83.96100997924805
2017/12/27|00:10:03|0.674|7|0|200|66.48492813110352
2017/12/27|00:20:03|0.366|5|0|200|98.89483451843262
2017/12/27|00:30:03|0.546|6|19|200|62.18099594116211
2017/12/27|00:40:03|0.405|4|0|200|33.83994102478027
2017/12/27|00:50:03|0.947|30|0|200|88.17410469055176
2017/12/27|01:00:03|1.714|30|0|200|57.15298652648926
2017/12/27|01:10:03|0.704|10|47|200|114.03298377990723
2017/12/27|01:20:03|1.681|32|0|200|60.141801834106445
2017/12/27|01:30:03|1.349|7|65|200|108.08897018432617
2017/12/27|01:40:03|0.361|4|45|200|75.54817199707031
2017/12/27|01:50:03|0.358|4|21|200|81.1929702758789
2017/12/27|02:00:03|0.435|5|0|200|31.836986541748047
2017/12/27|02:10:03|0.944|32|65|200|394.84405517578125
2017/12/27|02:20:03|1.239|31|0|200|56.84494972229004
2017/12/27|02:30:03|2.431|29|105|200|169.91209983825684
2017/12/27|02:40:07|0.822|27|47|200|100.90517997741699
2017/12/27|02:50:03|4.198|20|4|200|80.24215698242188
2017/12/27|03:00:03|0.732|25|0|200|52.30593681335449
2017/12/27|03:10:03|4.28|11|18|200|65.21296501159668
2017/12/27|03:20:03|1.137|8|45|200|80.56402206420898
2017/12/27|03:30:02|1.408|26|19|200|100.21805763244629
2017/12/27|03:40:03|0.844|26|0|200|53.42602729797363
2017/12/27|03:50:03|8.287|25|47|200|129.63080406188965
2017/12/27|04:00:03|0.836|9|0|200|36.24987602233887
2017/12/27|04:10:03|7.596|19|0|200|54.80623245239258
2017/12/27|04:20:03|0.821|30|43|200|99.94792938232422
2017/12/27|04:30:03|0.918|8|0|200|64.54706192016602
2017/12/27|04:40:03|2.247|8|18|200|53.2841682434082
2017/12/27|04:50:03|1.075|10|0|200|46.051979064941406
2017/12/27|05:00:03|0.971|27|0|200|57.801008224487305
2017/12/27|05:10:03|1.12|9|0|200|65.02604484558105
2017/12/27|05:20:03|1.086|8|0|200|37.303924560546875
2017/12/27|05:30:03|0.792|30|48|200|135.6649398803711
2017/12/27|05:40:03|0.89|9|0|200|35.02988815307617
2017/12/27|05:50:03|1.536|30|21|200|86.13801002502441
2017/12/27|06:00:03|1.627|35|0|200|62.892913818359375
2017/12/27|06:10:03|0.766|5|19|200|81.48908615112305
2017/12/27|06:20:03|20.024|40|0|200|67.57402420043945
2017/12/27|06:30:03|0.961|25|45|200|105.71694374084473
2017/12/27|06:40:03|0.586|8|0|200|34.73186492919922
2017/12/27|06:50:03|0.999|28|0|200|86.03405952453613
2017/12/27|07:00:03|0.648|8|0|200|34.564971923828125
2017/12/27|07:10:03|0.649|5|23|200|85.39199829101562
2017/12/27|07:20:03|0.695|7|0|200|34.55996513366699
2017/12/27|07:30:03|0.529|7|0|200|65.6440258026123
2017/12/27|07:40:03|0.851|26|108|200|160.71295738220215
2017/12/27|07:50:03|0.514|7|0|200|65.16814231872559
2017/12/27|08:00:02|0.785|27|43|200|96.85087203979492
2017/12/27|08:10:03|1.678|7|0|200|63.38381767272949
2017/12/27|08:20:03|0.424|6|0|200|33.04600715637207
2017/12/27|08:30:03|1.429|30|0|200|98.8008975982666
2017/12/27|08:40:03|0.403|6|0|200|34.69109535217285
2017/12/27|08:50:03|1.104|30|44|200|130.86581230163574
2017/12/27|09:00:03|0.514|5|46|200|77.92806625366211
2017/12/27|09:10:03|0.51|5|18|200|81.32314682006836
2017/12/27|09:20:03|0.503|5|0|200|32.44805335998535
2017/12/27|09:30:03|1.967|35|0|200|69.92602348327637
2017/12/27|09:40:03|0.781|7|0|200|40.045976638793945
2017/12/27|09:50:03|0.474|6|0|200|62.87407875061035
2017/12/27|10:00:03|0.443|6|107|200|141.0980224609375
2017/12/27|10:10:03|0.401|9|0|200|64.54110145568848
2017/12/27|10:20:03|0.387|5|0|200|60.8978271484375
2017/12/27|10:30:03|0.839|26|0|200|83.55903625488281
2017/12/27|10:40:03|0.940|34|20|200|90.16203880310059
2017/12/27|10:50:03|0.559|7|0|200|44.265031814575195
2017/12/27|11:00:03|4.776|29|0|200|76.46894454956055
2017/12/27|11:10:03|0.462|9|44|200|89.28298950195312
2017/12/27|11:20:03|0.298|6|0|200|33.1571102142334
2017/12/27|11:30:03|1.064|28|0|200|79.39910888671875
2017/12/27|11:40:03|0.808|33|0|200|59.39793586730957
2017/12/27|11:50:03|0.805|25|19|200|80.6119441986084
2017/12/27|12:00:03|0.375|8|0|200|63.52400779724121
2017/12/27|12:10:03|0.531|4|46|200|106.72402381896973
2017/12/27|12:20:03|1.009|34|0|200|70.36280632019043
2017/12/27|12:30:03|0.393|5|0|200|38.958072662353516
2017/12/27|12:40:03|0.453|6|0|200|41.74399375915527
2017/12/27|12:50:03|0.657|6|0|200|62.65091896057129
2017/12/27|13:00:02|0.807|34|0|200|90.63196182250977
2017/12/27|13:10:03|0.730|25|82|200|145.4908847808838
2017/12/27|13:20:03|0.486|4|21|200|60.85085868835449
2017/12/27|13:30:03|0.387|5|0|200|51.566123962402344
2017/12/27|13:40:03|0.453|6|0|200|40.107011795043945
2017/12/27|13:50:03|1.214|25|0|200|82.57198333740234
2017/12/27|14:00:03|1.538|27|0|200|83.6172103881836
2017/12/27|14:10:03|0.47|5|0|200|38.902997970581055
2017/12/27|14:20:03|1.491|26|66|200|127.59613990783691
2017/12/27|14:30:03|0.996|25|0|200|82.11088180541992
2017/12/27|14:40:03|0.883|28|0|200|62.642812728881836
2017/12/27|14:50:03|0.909|40|0|200|75.6988525390625
2017/12/27|15:00:03|0.758|7|0|200|42.085886001586914
2017/12/27|15:10:03|0.421|4|19|200|58.97092819213867
2017/12/27|15:20:03|0.461|8|0|200|44.28410530090332
2017/12/27|15:30:03|0.730|29|47|200|112.90407180786133
2017/12/27|15:40:03|0.428|5|21|200|361.2198829650879
2017/12/27|15:50:03|0.349|4|0|200|46.6771125793457
2017/12/27|16:00:03|0.435|6|0|200|38.496971130371094
2017/12/27|16:10:03|0.74|6|0|200|72.82400131225586
2017/12/27|16:20:03|0.509|12|44|200|112.29491233825684
2017/12/27|16:30:03|0.847|31|44|200|132.4448585510254
2017/12/27|16:40:03|0.738|26|0|200|82.40413665771484
2017/12/27|16:50:03|1.245|30|65|200|2462.0959758758545
2017/12/27|17:00:03|0.38|5|0|200|39.335012435913086
2017/12/27|17:10:03|0.47|7|0|200|62.445878982543945
2017/12/27|17:20:03|0.742|26|0|200|61.350107192993164
2017/12/27|17:30:03|0.754|25|46|200|127.34508514404297
2017/12/27|17:40:03|0.422|5|0|200|39.74485397338867
2017/12/27|17:50:03|0.469|5|18|200|58.69007110595703
2017/12/27|18:00:03|0.716|26|0|200|81.49099349975586
2017/12/27|18:10:03|0.860|26|0|200|61.99002265930176
2017/12/27|18:20:03|0.428|5|0|200|61.50484085083008
2017/12/27|18:30:03|0.386|6|0|200|39.7801399230957
2017/12/27|18:40:03|0.718|23|67|200|124.52507019042969
2017/12/27|18:50:03|0.367|5|0|200|40.7710075378418
2017/12/27|19:00:03|0.728|24|0|200|488.6610507965088
2017/12/27|19:10:03|0.45|4|0|200|60.30392646789551
2017/12/27|19:20:03|0.42|6|0|200|61.86318397521973
2017/12/27|19:30:03|0.475|5|45|200|85.46185493469238
2017/12/27|19:40:03|0.4|4|0|200|59.80491638183594
2017/12/27|19:50:03|0.486|7|44|200|2143.030881881714
2017/12/27|20:00:03|0.750|24|0|200|81.59017562866211
2017/12/27|20:10:02|0.362|5|0|200|60.793161392211914
2017/12/27|20:20:03|0.385|5|0|200|39.66093063354492
2017/12/27|20:30:03|0.521|6|46|200|91.66502952575684
2017/12/27|20:40:02|0.738|24|0|200|81.9859504699707
2017/12/27|20:50:03|0.750|34|0|200|69.14997100830078
2017/12/27|21:00:03|0.364|3|44|200|83.20999145507812
2017/12/27|21:10:03|0.392|4|0|200|59.957027435302734
2017/12/27|21:20:03|0.357|4|0|200|61.380863189697266
2017/12/27|21:30:03|0.483|5|0|200|62.46685981750488
2017/12/27|21:40:03|0.735|24|21|200|80.81793785095215
2017/12/27|21:50:03|0.39|5|0|200|61.54799461364746
2017/12/27|22:00:03|0.42|4|21|200|81.37798309326172
2017/12/27|22:10:03|0.368|3|45|200|83.03713798522949
2017/12/27|22:20:03|0.475|4|0|200|63.426971435546875
2017/12/27|22:30:03|1.097|24|0|200|58.357954025268555
2017/12/27|22:40:03|0.720|28|45|200|108.47997665405273
2017/12/27|22:50:03|0.432|4|0|200|1039.4699573516846
2017/12/27|23:00:03|0.35|4|0|200|39.746999740600586
2017/12/27|23:10:02|0.826|29|0|200|64.5298957824707
2017/12/27|23:20:03|0.408|5|44|200|528.8338661193848
2017/12/27|23:30:02|0.42|4|0|200|61.601877212524414
2017/12/27|23:40:03|0.715|24|45|200|104.48694229125977
2017/12/27|23:50:03|0.367|5|0|200|39.277076721191406
2017/12/28|00:00:03|0.463|6|0|200|43.00189018249512
2017/12/28|00:10:03|0.874|25|0|200|59.5550537109375
2017/12/28|00:20:03|0.722|33|0|200|68.87197494506836
2017/12/28|00:30:03|0.421|3|45|200|105.39102554321289
2017/12/28|00:40:03|0.294|2|46|200|331.25901222229004
2017/12/28|00:50:03|0.738|28|0|200|65.67192077636719
2017/12/28|01:00:03|0.406|5|19|200|80.14893531799316
2017/12/28|01:10:03|0.521|7|0|200|40.82608222961426
2017/12/28|01:20:03|0.447|6|0|200|62.26801872253418
2017/12/28|01:30:03|0.837|34|47|200|137.94803619384766
2017/12/28|01:40:03|0.389|5|0|200|39.17884826660156
2017/12/28|01:50:03|0.408|4|48|200|108.74795913696289
2017/12/28|02:00:03|0.395|5|67|200|127.77209281921387
2017/12/28|02:10:03|0.746|24|18|200|98.23107719421387
2017/12/28|02:20:03|0.729|26|0|200|81.87603950500488
2017/12/28|02:30:03|0.862|34|0|200|69.83494758605957
2017/12/28|02:40:03|0.728|24|45|200|104.26712036132812
2017/12/28|02:50:03|0.737|24|48|200|189.84007835388184
2017/12/28|03:00:03|0.738|23|67|200|147.2949981689453
2017/12/28|03:10:03|0.763|25|0|200|60.50586700439453
2017/12/28|03:20:03|2.005|22|0|200|79.36501502990723
2017/12/28|03:30:03|1.644|16|21|200|71.77901268005371
2017/12/28|03:40:03|1.347|11|21|200|87.26692199707031
2017/12/28|03:50:03|1.266|8|44|200|88.56797218322754
2017/12/28|04:00:03|0.734|26|0|200|61.285972595214844
2017/12/28|04:10:03|7.439|17|0|200|53.88903617858887
2017/12/28|04:20:03|2.112|8|0|200|46.04697227478027
2017/12/28|04:30:03|1.041|8|0|200|503.6499500274658
2017/12/28|04:40:03|3.089|11|0|200|46.3559627532959
2017/12/28|04:50:03|0.745|24|0|200|58.82692337036133
2017/12/28|05:00:03|0.739|24|85|200|143.57495307922363
2017/12/28|05:10:03|0.768|43|0|200|97.80192375183105
2017/12/28|05:20:03|0.812|7|0|200|41.56494140625
2017/12/28|05:30:03|1.107|8|0|200|64.38302993774414
2017/12/28|05:40:03|0.722|24|0|200|58.42399597167969
2017/12/28|05:50:03|0.666|7|0|200|42.814016342163086
2017/12/28|06:00:03|1.214|10|0|200|47.35589027404785
2017/12/28|06:10:03|0.794|24|47|200|126.74689292907715
2017/12/28|06:20:03|2.086|11|0|200|48.542022705078125
2017/12/28|06:30:03|0.742|29|21|200|106.28104209899902
2017/12/28|06:40:03|0.807|6|0|200|41.19300842285156
2017/12/28|06:50:03|0.803|24|0|200|80.7809829711914
2017/12/28|07:00:03|0.743|8|0|200|64.2399787902832
2017/12/28|07:10:03|0.708|6|42|200|82.91912078857422
2017/12/28|07:20:03|0.559|6|44|200|107.80096054077148
2017/12/28|07:30:03|0.779|9|0|200|64.99099731445312
2017/12/28|07:40:03|0.861|11|0|200|67.49296188354492
2017/12/28|07:50:03|0.774|32|0|200|69.11993026733398
2017/12/28|08:00:03|0.669|8|0|200|46.58699035644531
2017/12/28|08:10:03|0.781|7|45|200|99.3049144744873
2017/12/28|08:20:03|0.781|7|44|200|89.3239974975586
2017/12/28|08:30:03|0.781|7|0|200|34.4700813293457
2017/12/28|08:40:03|0.513|7|0|200|41.696786880493164
2017/12/28|08:50:03|0.757|1276|0|200|1305.7129383087158
2017/12/28|09:00:03|0.99|6|5|200|526.1468887329102
2017/12/28|09:10:03|0.749|26|0|200|53.173065185546875
2017/12/28|09:20:03|0.676|8|0|200|43.7929630279541
2017/12/28|09:30:03|0.701|6|43|200|75.60396194458008
2017/12/28|09:40:03|0.855|7|0|200|102.53095626831055
2017/12/28|09:50:03|0.736|25|0|200|52.43802070617676
2017/12/28|10:00:03|0.545|4|18|200|58.26711654663086
2017/12/28|10:10:03|0.492|9|0|200|35.984039306640625
2017/12/28|10:20:03|0.877|27|0|200|1706.1269283294678
2017/12/28|10:30:03|0.447|5|45|200|86.33279800415039
2017/12/28|10:40:03|0.659|5|0|200|61.038970947265625
2017/12/28|10:50:03|0.739|25|0|200|81.48312568664551
2017/12/28|11:00:03|0.721|29|0|200|77.00204849243164
2017/12/28|11:10:03|0.441|6|0|200|54.579973220825195
2017/12/28|11:20:03|0.779|27|46|200|119.55714225769043
2017/12/28|11:30:03|0.804|24|44|200|125.2291202545166
2017/12/28|11:40:03|0.426|5|0|200|33.25486183166504
2017/12/28|11:50:03|0.488|7|0|200|44.896841049194336
2017/12/28|12:00:03|0.817|32|0|200|69.16117668151855
2017/12/28|12:10:03|0.455|5|0|200|61.3398551940918
2017/12/28|12:20:03|0.771|35|45|200|640.2549743652344
2017/12/28|12:30:03|0.453|5|18|200|58.87198448181152
2017/12/28|12:40:03|0.526|7|44|200|107.1481704711914
2017/12/28|12:50:03|0.724|25|0|200|59.782981872558594
2017/12/28|13:00:03|0.386|5|0|200|41.311025619506836
2017/12/28|13:10:03|0.717|24|67|200|138.1239891052246
2017/12/28|13:20:03|0.484|5|0|200|62.172889709472656
2017/12/28|13:30:03|0.317|3|0|200|31.12483024597168
2017/12/28|13:40:03|0.753|24|19|200|78.369140625
2017/12/28|13:50:03|0.487|4|45|200|76.27296447753906
2017/12/28|14:00:03|0.737|27|0|200|83.47201347351074
2017/12/28|14:10:03|0.467|7|0|200|33.830881118774414
2017/12/28|14:20:03|0.811|27|0|200|85.07490158081055
2017/12/28|14:30:03|0.758|5|50|200|83.11319351196289
2017/12/28|14:40:03|1.376|10|0|200|47.38020896911621
2017/12/28|14:50:03|0.345|4|44|200|74.07784461975098
2017/12/28|15:00:03|0.782|24|0|200|80.99102973937988
2017/12/28|15:10:03|0.326|5|0|200|31.152009963989258
2017/12/28|15:20:03|1.3|6|0|200|42.61589050292969
2017/12/28|15:30:03|0.408|4|50|200|80.80101013183594
2017/12/28|15:40:03|0.531|6|0|200|363.24286460876465
2017/12/28|15:50:03|0.389|5|0|200|32.19199180603027
2017/12/28|16:00:03|0.724|33|40|200|926.1739253997803
2017/12/28|16:10:03|0.406|4|0|200|31.419038772583008
2017/12/28|16:20:03|0.35|4|0|200|41.10002517700195
2017/12/28|16:30:03|0.456|5|0|200|31.91089630126953
2017/12/28|16:40:03|0.715|26|0|200|61.32006645202637
2017/12/28|16:50:03|0.4|4|0|200|31.368017196655273
2017/12/28|17:00:03|0.369|4|0|200|60.93096733093262
2017/12/28|17:10:03|0.402|7|44|200|78.26995849609375
2017/12/28|17:20:03|0.742|25|0|200|80.37686347961426
2017/12/28|17:30:03|0.727|25|21|200|136.46292686462402
2017/12/28|17:40:03|1.475|31|47|200|114.13788795471191
2017/12/28|17:50:03|0.341|4|0|200|31.04400634765625
2017/12/28|18:00:03|0.705|24|0|200|83.50610733032227
2017/12/28|18:10:03|0.732|24|44|200|96.59409523010254
2017/12/28|18:20:03|0.414|6|0|200|61.02585792541504
2017/12/28|18:30:03|0.433|4|0|200|32.212018966674805
2017/12/28|18:40:03|0.353|5|0|200|40.64607620239258
2017/12/28|18:50:03|0.413|4|20|200|51.033973693847656
2017/12/28|19:00:03|0.738|25|0|200|81.80403709411621
2017/12/28|19:10:03|0.717|34|0|200|61.11884117126465
2017/12/28|19:20:03|0.406|4|46|200|87.63623237609863
2017/12/28|19:30:03|0.723|27|0|200|53.58409881591797
2017/12/28|19:40:03|0.412|5|0|200|60.83798408508301
2017/12/28|19:50:03|0.405|4|21|200|51.466941833496094
2017/12/28|20:00:03|0.642|6|0|200|62.117815017700195
2017/12/28|20:10:03|0.396|5|0|200|33.39505195617676
2017/12/28|20:20:03|0.375|5|0|200|60.82010269165039
2017/12/28|20:30:03|0.366|3|47|200|77.65793800354004
2017/12/28|20:40:03|0.365|4|0|200|60.404062271118164
2017/12/28|20:50:03|0.749|29|0|200|55.03988265991211
2017/12/28|21:00:03|0.439|5|21|200|60.693979263305664
2017/12/28|21:10:03|0.381|6|0|200|33.77699851989746
2017/12/28|21:20:03|0.369|4|67|200|127.14481353759766
2017/12/28|21:30:03|0.417|6|0|200|31.867027282714844
2017/12/28|21:40:03|1.722|32|43|200|130.7659149169922
2017/12/28|21:50:03|0.441|5|6|200|38.59114646911621
2017/12/28|22:00:03|0.35|5|0|200|1449.2449760437012
2017/12/28|22:10:03|0.777|33|0|200|60.111045837402344
2017/12/28|22:20:03|0.709|25|0|200|81.17413520812988
2017/12/28|22:30:03|0.49|6|0|200|35.13002395629883
2017/12/28|22:40:03|0.757|27|0|200|61.846017837524414
2017/12/28|22:50:03|1.267|26|108|200|163.03610801696777
2017/12/28|23:00:03|0.371|4|0|200|40.148019790649414
2017/12/28|23:10:03|0.375|3|19|200|49.14498329162598
2017/12/28|23:20:03|0.897|25|0|200|81.07686042785645
2017/12/28|23:30:03|0.722|24|19|200|69.97895240783691
2017/12/28|23:40:03|0.484|5|0|200|62.40987777709961
2017/12/28|23:50:03|0.756|23|86|200|136.09790802001953
2017/12/29|00:00:03|0.38|4|19|200|80.18183708190918
2017/12/29|00:10:03|0.317|3|19|200|51.27692222595215
2017/12/29|00:20:03|0.445|6|0|200|44.051170349121094
2017/12/29|00:30:03|0.731|25|0|200|52.185773849487305
2017/12/29|00:40:03|0.415|5|0|200|60.15801429748535
2017/12/29|00:50:03|0.389|4|0|200|30.937910079956055
2017/12/29|01:00:03|0.375|5|44|200|105.58390617370605
2017/12/29|01:10:03|0.406|4|0|200|31.03017807006836
2017/12/29|01:20:03|0.723|23|22|200|101.97591781616211
2017/12/29|01:30:03|0.407|4|0|200|31.008005142211914
2017/12/29|01:40:03|0.730|25|0|200|81.78400993347168
2017/12/29|01:50:03|0.669|5|0|200|34.61813926696777
2017/12/29|02:00:03|0.37|4|45|200|86.07196807861328
2017/12/29|02:10:03|0.743|33|45|200|106.17589950561523
2017/12/29|02:20:03|0.736|24|21|200|81.56085014343262
2017/12/29|02:30:03|2.475|50|0|200|76.8289566040039
2017/12/29|02:40:03|3.427|23|0|200|60.69517135620117
2017/12/29|02:50:03|10.622|25|0|200|51.08284950256348
2017/12/29|03:00:03|0.724|29|67|200|130.74207305908203
2017/12/29|03:10:03|0.750|25|63|200|115.60201644897461
2017/12/29|03:20:03|0.705|32|0|200|67.8558349609375
2017/12/29|03:30:03|5.512|18|69|200|114.43901062011719
2017/12/29|03:40:03|5.168|16|0|200|75.03485679626465
2017/12/29|03:50:03|3.414|12|0|200|39.25204277038574
2017/12/29|04:00:03|2.702|18|21|200|96.71497344970703
2017/12/29|04:10:03|0.733|32|56|200|114.96710777282715
2017/12/29|04:20:03|6.481|15|0|200|49.714088439941406
2017/12/29|04:30:03|1.048|10|100|200|137.33506202697754
2017/12/29|04:40:03|0.77|7|21|200|86.34710311889648
2017/12/29|04:50:03|0.712|34|0|200|61.11502647399902
2017/12/29|05:00:03|0.883|8|65|200|1402.439832687378
2017/12/29|05:10:03|0.727|6|45|200|77.62002944946289
2017/12/29|05:20:03|0.818|24|0|200|58.70199203491211
2017/12/29|05:30:03|0.858|10|0|200|37.611961364746094
2017/12/29|05:40:03|1.063|10|0|200|45.72296142578125
2017/12/29|05:50:03|0.664|7|0|200|34.288883209228516
2017/12/29|06:00:03|1.307|10|0|200|65.78707695007324
2017/12/29|06:10:03|0.762|24|44|200|95.59488296508789
2017/12/29|06:20:03|1.028|9|49|200|93.86491775512695
2017/12/29|06:30:03|0.769|8|19|200|54.85892295837402
2017/12/29|06:40:03|0.739|8|0|200|63.040971755981445
2017/12/29|06:50:03|0.547|9|0|200|36.048173904418945
2017/12/29|07:00:03|0.726|24|18|200|100.23903846740723
2017/12/29|07:10:03|0.632|6|63|200|96.27699851989746
2017/12/29|07:20:03|0.665|10|44|200|89.08915519714355
2017/12/29|07:30:03|0.674|9|0|200|35.88604927062988
2017/12/29|07:40:03|0.914|25|0|200|81.47597312927246
2017/12/29|07:50:03|0.888|9|0|200|35.444021224975586
2017/12/29|08:00:03|1.571|10|0|200|67.04902648925781
2017/12/29|08:10:03|0.779|9|47|200|82.5660228729248
2017/12/29|08:20:03|0.56|7|45|200|108.83617401123047
2017/12/29|08:30:03|0.775|8|0|200|34.96217727661133
2017/12/29|08:40:03|0.731|26|0|200|64.03803825378418
2017/12/29|08:50:03|1.621|26|0|200|52.75583267211914
2017/12/29|09:00:03|1.439|9|0|200|1211.3120555877686
2017/12/29|09:10:03|0.614|8|0|200|34.403085708618164
2017/12/29|09:20:03|0.782|25|0|200|61.80214881896973
2017/12/29|09:30:03|0.822|24|65|200|116.67585372924805
2017/12/29|09:40:03|0.562|5|0|200|123.34489822387695
2017/12/29|09:50:03|0.735|34|0|200|61.799049377441406
2017/12/29|10:00:03|0.856|25|0|200|85.76393127441406
2017/12/29|10:10:03|6.747|13|0|200|41.09001159667969
2017/12/29|10:20:03|2.264|7|43|200|97.17607498168945
2017/12/29|10:30:03|0.719|27|0|200|53.9250373840332
2017/12/29|10:40:03|1.481|25|44|200|127.06708908081055
2017/12/29|10:50:03|7.24|14|0|200|41.21899604797363
2017/12/29|11:00:03|0.718|25|0|200|1797.0550060272217
2017/12/29|11:10:03|1.255|6|0|200|36.1020565032959
2017/12/29|11:20:03|1.455|8|42|200|89.1869068145752
2017/12/29|11:30:03|0.762|24|0|200|53.08413505554199
2017/12/29|11:40:03|0.751|25|0|200|63.82894515991211
2017/12/29|11:50:03|0.718|23|45|200|95.69787979125977
2017/12/29|12:00:03|0.5|9|0|200|44.37088966369629
2017/12/29|12:10:03|0.438|5|0|200|32.27710723876953
2017/12/29|12:20:03|0.428|5|48|200|91.59016609191895
2017/12/29|12:30:03|0.727|34|0|200|61.63191795349121
2017/12/29|12:40:03|0.864|6|0|200|63.97199630737305
2017/12/29|12:50:03|0.971|26|0|200|54.1689395904541
2017/12/29|13:00:03|0.745|26|44|200|107.18584060668945
2017/12/29|13:10:03|0.887|6|0|200|32.78803825378418
2017/12/29|13:20:03|0.546|4|46|200|110.3520393371582
2017/12/29|13:30:03|0.852|25|0|200|52.529096603393555
2017/12/29|13:40:03|1.819|11|0|200|48.60401153564453
2017/12/29|13:50:03|2.247|7|0|200|34.94977951049805
2017/12/29|14:00:03|0.853|25|45|200|129.8520565032959
2017/12/29|14:10:03|0.765|34|0|200|60.67299842834473
2017/12/29|14:20:03|0.421|6|0|200|40.48800468444824
2017/12/29|14:30:03|0.448|8|0|200|43.47491264343262
2017/12/29|14:40:03|0.714|28|64|200|127.86412239074707
2017/12/29|14:50:03|0.451|5|0|200|61.37800216674805
2017/12/29|15:00:03|0.831|29|0|200|64.11099433898926
2017/12/29|15:10:03|0.706|30|45|200|134.14597511291504
2017/12/29|15:20:03|0.444|6|0|200|63.217878341674805
2017/12/29|15:30:03|0.732|26|0|200|61.85483932495117
2017/12/29|15:40:03|0.693|30|0|200|87.8760814666748
2017/12/29|15:50:03|0.790|32|0|200|89.14613723754883
2017/12/29|16:00:03|0.697|34|0|200|91.7961597442627
2017/12/29|16:10:03|0.489|6|49|200|93.79696846008301
2017/12/29|16:20:03|0.393|5|0|200|62.261104583740234
2017/12/29|16:30:03|0.363|5|0|200|39.77680206298828
2017/12/29|16:40:03|0.676|24|0|200|59.38100814819336
2017/12/29|16:50:03|0.478|8|0|200|44.18802261352539
2017/12/29|17:00:03|0.377|5|0|200|61.73300743103027
2017/12/29|17:10:03|1.283|5|50|200|114.62998390197754
2017/12/29|17:20:03|0.730|24|0|200|59.252023696899414
2017/12/29|17:30:03|0.405|5|66|200|127.16484069824219
2017/12/29|17:40:03|0.363|4|19|200|84.12313461303711
2017/12/29|17:50:03|0.42|6|21|200|62.30807304382324
2017/12/29|18:00:03|3.535|9|0|200|46.27203941345215
2017/12/29|18:10:03|0.454|7|0|200|62.78491020202637
2017/12/29|18:20:03|0.692|28|46|200|131.3340663909912
2017/12/29|18:30:03|0.702|28|0|200|63.302040100097656
2017/12/29|18:40:03|0.421|6|0|200|42.61493682861328
2017/12/29|18:50:03|0.387|5|0|200|39.40606117248535
2017/12/29|19:00:03|0.521|6|0|200|40.89808464050293
2017/12/29|19:10:03|0.354|5|0|200|60.73403358459473
2017/12/29|19:20:03|0.683|25|30|200|89.0960693359375
2017/12/29|19:30:03|0.701|25|17|200|77.62002944946289
2017/12/29|19:40:03|0.725|28|0|200|83.94312858581543
2017/12/29|19:50:03|0.412|5|0|200|40.2979850769043
2017/12/29|20:00:03|0.372|8|0|200|43.51210594177246
2017/12/29|20:10:03|0.393|4|18|200|58.84099006652832
2017/12/29|20:20:03|2.554|12|30|200|99.48492050170898
2017/12/29|20:30:03|0.721|28|20|200|105.99017143249512
2017/12/29|20:40:03|0.690|25|0|200|62.50905990600586
2017/12/29|20:50:03|0.605|5|0|200|41.92399978637695
2017/12/29|21:00:03|2.868|6|18|200|74.40614700317383
2017/12/29|21:10:03|0.431|5|0|200|39.36910629272461
2017/12/29|21:20:03|0.35|4|0|200|217.1947956085205
2017/12/29|21:30:03|0.405|4|45|200|106.11510276794434
2017/12/29|21:40:03|0.681|32|0|200|88.30714225769043
2017/12/29|21:50:03|0.688|33|0|200|67.92092323303223
2017/12/29|22:00:03|0.436|7|0|200|43.512821197509766
2017/12/29|22:10:03|0.676|29|4|200|89.65492248535156
2017/12/29|22:20:03|0.457|4|18|200|58.489084243774414
2017/12/29|22:30:03|0.726|23|66|200|145.63608169555664
2017/12/29|22:40:03|0.439|6|0|200|49.91602897644043
2017/12/29|22:50:03|0.379|4|22|200|60.60910224914551
2017/12/29|23:00:03|0.687|26|0|200|61.897993087768555
2017/12/29|23:10:03|0.359|4|5|200|65.66500663757324
2017/12/29|23:20:03|0.808|23|21|200|99.84707832336426
2017/12/29|23:30:03|0.366|5|0|200|131.60109519958496
2017/12/29|23:40:03|0.513|5|89|200|150.32410621643066
2017/12/29|23:50:03|0.721|47|0|200|81.8328857421875
2017/12/30|00:00:03|0.691|24|0|200|81.33506774902344
2017/12/30|00:10:03|0.521|5|4|200|65.24801254272461
2017/12/30|00:20:03|0.723|29|18|200|82.02099800109863
2017/12/30|00:30:03|0.405|5|0|200|49.23295974731445
2017/12/30|00:40:03|0.366|5|0|200|38.92803192138672
2017/12/30|00:50:03|0.364|4|108|200|169.1908836364746
2017/12/30|01:00:03|0.344|4|0|200|60.83512306213379
2017/12/30|01:10:03|0.735|24|0|200|60.69493293762207
2017/12/30|01:20:03|0.713|23|20|200|99.65705871582031
2017/12/30|01:30:03|0.732|25|0|200|80.27410507202148
2017/12/30|01:40:03|0.723|24|0|200|59.08393859863281
2017/12/30|01:50:03|0.690|32|156|200|243.48998069763184
2017/12/30|02:00:03|0.297|4|19|200|79.78296279907227
2017/12/30|02:10:03|0.797|28|0|200|85.44397354125977
2017/12/30|02:20:03|0.684|30|0|200|65.04702568054199
2017/12/30|02:30:03|2.371|26|0|200|82.40604400634766
2017/12/30|02:40:03|21.974|56|22|200|118.4091567993164
2017/12/30|02:50:03|0.680|28|178|200|261.83414459228516
2017/12/30|03:00:03|0.694|23|21|200|78.83501052856445
2017/12/30|03:10:03|7.112|30|0|200|87.49794960021973
2017/12/30|03:20:03|0.688|23|22|200|100.41403770446777
2017/12/30|03:30:03|0.685|31|0|200|67.97909736633301
2017/12/30|03:40:03|5.842|19|18|200|73.95195960998535
2017/12/30|03:50:03|13.563|35|0|200|92.03791618347168
2017/12/30|04:00:03|1.823|7|46|200|87.9511833190918
2017/12/30|04:10:03|0.692|32|21|200|111.29188537597656
2017/12/30|04:20:03|1.272|10|21|200|87.73589134216309
2017/12/30|04:30:03|1.008|7|0|200|63.118934631347656
2017/12/30|04:40:03|0.704|24|0|200|81.79092407226562
2017/12/30|04:50:03|1.137|11|0|200|66.1768913269043
2017/12/30|05:00:03|0.740|24|88|200|504.1050910949707
2017/12/30|05:10:03|0.745|8|0|200|42.86313056945801
2017/12/30|05:20:03|0.696|29|0|200|86.17401123046875
2017/12/30|05:30:03|0.677|23|21|200|79.55288887023926
2017/12/30|05:40:03|1.264|10|0|200|66.10107421875
2017/12/30|05:50:03|1.619|7|0|200|63.72404098510742
2017/12/30|06:00:03|0.692|23|43|200|101.98307037353516
2017/12/30|06:10:03|1.135|11|45|200|112.11609840393066
2017/12/30|06:20:03|2.129|11|0|200|68.01700592041016
2017/12/30|06:30:03|0.803|8|0|200|42.05179214477539
2017/12/30|06:40:03|0.739|7|0|200|41.3510799407959
2017/12/30|06:50:03|0.686|23|0|200|80.46793937683105
2017/12/30|07:00:03|0.664|6|42|200|83.40096473693848
2017/12/30|07:10:03|0.86|7|45|200|108.79397392272949
2017/12/30|07:20:03|0.647|6|0|200|61.75994873046875
2017/12/30|07:30:03|0.860|25|21|200|102.55885124206543
2017/12/30|07:40:03|0.825|35|0|200|71.82693481445312
2017/12/30|07:50:03|0.883|14|0|200|70.3890323638916
2017/12/30|08:00:03|0.628|7|19|200|82.30185508728027
2017/12/30|08:10:03|0.682|8|0|200|64.29600715637207
2017/12/30|08:20:03|0.701|23|65|200|125.64682960510254
2017/12/30|08:30:03|4.952|13|0|200|721.2910652160645
2017/12/30|08:40:03|0.713|28|0|200|873.8751411437988
2017/12/30|08:50:03|0.902|7|0|200|41.63384437561035
2017/12/30|09:00:03|0.701|24|0|200|83.23502540588379
2017/12/30|09:10:03|0.703|33|81|200|172.5940704345703
2017/12/30|09:20:03|0.696|25|0|200|60.64200401306152
2017/12/30|09:30:03|0.918|8|43|200|87.24403381347656
2017/12/30|09:40:03|0.833|8|0|200|64.84484672546387
2017/12/30|09:50:03|0.690|24|0|200|80.4898738861084
2017/12/30|10:00:03|0.939|8|0|200|64.27478790283203
2017/12/30|10:10:03|0.623|7|24|200|66.2529468536377
2017/12/30|10:20:03|0.680|26|0|200|59.442996978759766
2017/12/30|10:30:03|0.632|7|0|200|63.63105773925781
2017/12/30|10:40:03|0.683|24|46|200|129.21905517578125
2017/12/30|10:50:03|0.721|29|0|200|63.58909606933594
2017/12/30|11:00:03|0.688|25|0|200|61.5239143371582
2017/12/30|11:10:03|0.708|23|42|200|122.56813049316406
2017/12/30|11:20:03|0.691|5|0|200|40.93289375305176
2017/12/30|11:30:03|0.702|25|0|200|60.285091400146484
2017/12/30|11:40:04|0.693|6|63|200|125.09322166442871
2017/12/30|11:50:03|0.684|29|0|200|64.94402885437012
2017/12/30|12:00:03|0.688|29|95|200|182.30891227722168
2017/12/30|12:10:03|0.703|26|0|200|82.82017707824707
2017/12/30|12:20:03|0.535|5|23|200|64.85295295715332
2017/12/30|12:30:03|0.715|26|0|200|85.78991889953613
2017/12/30|12:40:03|0.69|6|0|200|510.50496101379395
2017/12/30|12:50:03|0.688|29|45|200|108.72888565063477
2017/12/30|13:00:03|0.545|6|66|200|128.81803512573242
2017/12/30|13:10:03|0.690|23|21|200|79.62918281555176
2017/12/30|13:20:03|0.732|8|24|200|69.15998458862305
2017/12/30|13:30:03|0.740|27|0|200|63.446998596191406
2017/12/30|13:40:03|0.684|26|0|200|82.02314376831055
2017/12/30|13:50:03|0.721|24|0|200|57.240962982177734
2017/12/30|14:00:03|0.372|5|113|200|393.5670852661133
2017/12/30|14:10:03|0.699|31|0|200|57.459115982055664
2017/12/30|14:20:03|0.541|5|28|200|89.02287483215332
2017/12/30|14:30:03|0.49|5|0|200|39.13998603820801
2017/12/30|14:40:03|0.496|6|0|200|63.40479850769043
2017/12/30|14:50:03|0.717|24|0|200|50.89879035949707
2017/12/30|15:00:03|0.678|24|0|200|80.98912239074707
2017/12/30|15:10:03|0.719|31|45|200|103.73306274414062
2017/12/30|15:20:03|0.559|5|25|200|310.0769519805908
2017/12/30|15:30:03|0.699|29|0|200|55.596113204956055
2017/12/30|15:40:03|0.508|5|0|200|453.4778594970703
2017/12/30|15:50:03|0.696|31|0|200|86.83419227600098
2017/12/30|16:00:03|0.362|4|0|200|63.4920597076416
2017/12/30|16:10:03|0.521|4|44|200|83.77599716186523
2017/12/30|16:20:03|0.388|5|20|200|81.32696151733398
2017/12/30|16:30:03|0.690|24|44|200|102.52904891967773
2017/12/30|16:40:03|0.726|27|0|200|63.02905082702637
2017/12/30|16:50:03|0.426|5|18|200|58.342933654785156
2017/12/30|17:00:03|0.693|31|0|200|68.7408447265625
2017/12/30|17:10:03|0.697|35|21|200|91.39513969421387
2017/12/30|17:20:03|0.738|24|54|200|135.61391830444336
2017/12/30|17:30:03|0.478|5|24|200|85.6180191040039
2017/12/30|17:40:03|0.484|5|18|200|643.1550979614258
2017/12/30|17:50:03|0.465|6|18|200|60.317039489746094
2017/12/30|18:00:03|0.399|4|0|200|40.62199592590332
2017/12/30|18:10:03|0.737|31|0|200|67.93999671936035
2017/12/30|18:20:03|0.495|7|0|200|42.82116889953613
2017/12/30|18:30:03|0.525|4|87|200|148.25201034545898
2017/12/30|18:40:03|0.688|25|0|200|59.96298789978027
2017/12/30|18:50:03|0.684|24|0|200|80.23786544799805
2017/12/30|19:00:03|0.469|5|0|200|40.27390480041504
2017/12/30|19:10:03|0.674|29|0|200|84.72299575805664
2017/12/30|19:20:03|0.691|31|0|200|65.34695625305176
2017/12/30|19:30:03|0.745|30|21|200|108.34813117980957
2017/12/30|19:40:03|0.442|5|44|200|105.2098274230957
2017/12/30|19:50:03|0.548|5|0|200|60.58502197265625
2017/12/30|20:00:03|0.49|7|0|200|41.33009910583496
2017/12/30|20:10:03|0.571|7|0|200|41.760921478271484
2017/12/30|20:20:03|0.688|23|0|200|79.44512367248535
2017/12/30|20:30:03|0.398|5|0|200|39.89005088806152
2017/12/30|20:40:03|0.4|5|57|200|118.73292922973633
2017/12/30|20:50:03|0.421|5|45|200|106.54807090759277
2017/12/30|21:00:03|0.690|23|21|200|100.56400299072266
2017/12/30|21:10:03|0.516|5|0|200|40.70782661437988
2017/12/30|21:20:03|0.723|24|0|200|58.8839054107666
2017/12/30|21:30:03|0.689|50|0|200|110.67795753479004
2017/12/30|21:40:03|0.474|5|0|200|39.56198692321777
2017/12/30|21:50:03|0.690|30|0|200|85.46209335327148
2017/12/30|22:00:03|0.691|28|42|200|106.03785514831543
2017/12/30|22:10:03|0.479|7|0|200|41.74613952636719
2017/12/30|22:20:03|0.847|31|0|200|67.29793548583984
2017/12/30|22:30:03|0.912|5|0|200|40.180206298828125
2017/12/30|22:40:03|0.411|5|0|200|61.84697151184082
2017/12/30|22:50:03|0.546|6|63|200|103.98101806640625
2017/12/30|23:00:03|0.33|4|46|200|84.82599258422852
2017/12/30|23:10:03|0.41|5|0|200|39.518117904663086
2017/12/30|23:20:03|0.562|8|0|200|62.731027603149414
2017/12/30|23:30:03|0.689|31|0|200|65.70291519165039
2017/12/30|23:40:03|0.495|6|0|200|63.65013122558594
2017/12/30|23:50:03|0.642|5|46|200|86.25102043151855
2017/12/31|00:00:03|0.307|6|65|200|128.9520263671875
2017/12/31|00:10:03|0.713|25|0|200|61.73110008239746
2017/12/31|00:20:03|0.544|7|0|200|63.745975494384766
2017/12/31|00:30:03|0.453|6|22|200|85.56985855102539
2017/12/31|00:40:03|0.497|7|0|200|44.94810104370117
2017/12/31|00:50:03|0.635|6|18|200|58.77089500427246
2017/12/31|01:00:03|0.721|30|0|200|194.66209411621094
2017/12/31|01:10:03|0.578|45040|45|200|45120.54204940796
2017/12/31|01:20:03|3.746|64|3|200|122.85685539245605
2017/12/31|01:30:03|2.42|57|19|200|114.32981491088867
2017/12/31|01:40:03|0.396|5|0|200|150.61306953430176
2017/12/31|01:50:03|0.828|6|0|200|61.86795234680176
2017/12/31|02:00:03|2.078|39|0|200|96.14682197570801
2017/12/31|02:10:03|1.774|40|142|200|237.9469871520996
2017/12/31|02:20:03|1.789|51|4|200|90.26408195495605
2017/12/31|02:30:03|4.654|613|21|200|690.4828548431396
2017/12/31|02:40:03|9.427|24|0|200|58.26997756958008
2017/12/31|02:50:03|1.942|19|0|200|76.11799240112305
2017/12/31|03:00:03|1.478|38|21|200|115.3421401977539
2017/12/31|03:10:03|1.509|8|20|200|85.04009246826172
2017/12/31|03:20:03|0.99|8|44|200|86.24076843261719
2017/12/31|03:30:03|1.161|11|0|200|46.47707939147949
2017/12/31|03:40:03|9.231|21|0|200|735.630989074707
2017/12/31|03:50:03|1.565|29|19|200|104.57706451416016
2017/12/31|04:00:03|1.645|37|42|200|135.56909561157227
2017/12/31|04:10:03|1.418|40|0|200|74.83506202697754
2017/12/31|04:20:03|1.389|35|65|200|135.6489658355713
2017/12/31|04:30:03|0.869|11|0|200|66.8191909790039
2017/12/31|04:40:03|3.608|10|21|200|87.37897872924805
2017/12/31|04:50:03|1.407|31|0|200|65.83690643310547
2017/12/31|05:00:03|5.539|13|46|200|115.06915092468262
2017/12/31|05:10:03|2.773|11|0|200|67.5818920135498
2017/12/31|05:20:03|0.93|9|45|200|88.45686912536621
2017/12/31|05:30:03|0.786|8|19|200|82.91792869567871
2017/12/31|05:40:03|1.971|33|0|200|90.40498733520508
2017/12/31|05:50:03|1.354|32|0|200|66.63894653320312
2017/12/31|06:00:03|2.049|37|44|200|2245.2268600463867
2017/12/31|06:10:03|1.468|8|0|200|47.347068786621094
2017/12/31|06:20:03|1.686|32|64|200|151.7791748046875
2017/12/31|06:30:03|0.96|5|22|200|83.77790451049805
2017/12/31|06:40:03|1.634|7|0|200|65.31405448913574
2017/12/31|06:50:03|1.353|31|19|200|109.45987701416016
2017/12/31|07:00:03|0.797|12|21|200|90.13700485229492
2017/12/31|07:10:03|0.726|5|44|200|84.8379135131836
2017/12/31|07:20:03|1.76|29|22|200|84.58209037780762
2017/12/31|07:30:03|1.38|32|59|200|151.37696266174316
2017/12/31|07:40:03|0.9|10|0|200|66.14494323730469
2017/12/31|07:50:03|1.397|39|0|200|73.85396957397461
2017/12/31|08:00:03|1.329|9|0|200|65.277099609375
2017/12/31|08:10:03|1.777|29|0|200|63.478946685791016
2017/12/31|08:20:03|1.199|34|89|200|179.37302589416504
2017/12/31|08:30:03|0.736|9|0|200|64.65411186218262
2017/12/31|08:40:03|1.133|29|44|200|108.45017433166504
2017/12/31|08:50:03|0.616|7|0|200|40.13204574584961
2017/12/31|09:00:03|1.144|35|0|200|94.92206573486328
2017/12/31|09:10:03|0.609|6|0|200|40.60196876525879
2017/12/31|09:20:03|1.618|33|108|200|197.50595092773438
2017/12/31|09:30:03|1.233|35|0|200|91.2628173828125
2017/12/31|09:40:03|1.129|28|0|200|62.925100326538086
2017/12/31|09:50:03|0.648|8|43|200|84.76996421813965
2017/12/31|10:00:03|0.652|6|0|200|286.99493408203125
2017/12/31|10:10:03|0.577|6|0|200|41.004180908203125
2017/12/31|10:20:03|1.121|10|21|200|75.68788528442383
2017/12/31|10:30:03|1.247|32|63|200|131.3338279724121
2017/12/31|10:40:03|1.176|29|0|200|85.22510528564453
2017/12/31|10:50:03|1.253|42|0|200|76.57408714294434
2017/12/31|11:00:03|0.668|6|53|200|94.91610527038574
2017/12/31|11:10:03|0.948|10|0|200|44.445037841796875
2017/12/31|11:20:03|1.164|29|19|200|82.6728343963623
2017/12/31|11:30:03|0.867|7|68|200|109.30085182189941
2017/12/31|11:40:03|0.558|8|0|200|63.649892807006836
2017/12/31|11:50:03|1.134|28|0|200|84.73896980285645
2017/12/31|12:00:03|0.587|6|0|200|41.86201095581055
2017/12/31|12:10:03|1.109|37|45|200|118.59416961669922
2017/12/31|12:20:03|0.559|6|0|200|62.45303153991699
2017/12/31|12:30:03|0.536|9|0|200|44.30985450744629
2017/12/31|12:40:03|0.589|6|0|200|63.02189826965332
2017/12/31|12:50:03|0.604|6|0|200|41.776180267333984
2017/12/31|13:00:03|1.441|30|0|200|66.93506240844727
2017/12/31|13:10:03|1.133|28|46|200|130.0959587097168
2017/12/31|13:20:03|0.746|8|0|200|64.29100036621094
