chart|date|executionTime|upstreamLatency|proxyLatency|responseCode|responseTime
2017/12/28|16:20:03|0.557|4|43|200|145.86687088012695
2017/12/28|16:30:03|0.542|4|34|200|138.95201683044434
2017/12/28|16:40:03|0.552|4|304|200|2088.047981262207
2017/12/28|16:50:03|0.603|3|10|200|108.2310676574707
2017/12/28|17:00:03|0.544|5|35|200|162.32705116271973
2017/12/28|17:10:03|0.544|4|45|200|149.12700653076172
2017/12/28|17:20:03|0.547|8|44|200|169.1429615020752
2017/12/28|17:30:03|0.541|4|10|200|105.84902763366699
2017/12/28|17:40:03|0.541|3|12|200|114.5319938659668
2017/12/28|17:50:03|0.542|12|10|200|113.28005790710449
2017/12/28|18:00:03|0.542|3|46|200|166.72801971435547
2017/12/28|18:10:03|0.544|3|43|200|143.56303215026855
2017/12/28|18:20:03|0.544|3|10|200|141.04199409484863
2017/12/28|18:30:03|0.543|4|48|200|148.32091331481934
2017/12/28|18:40:03|0.540|4|9|200|115.06199836730957
2017/12/28|18:50:03|0.546|4|40|200|140.76900482177734
2017/12/28|19:00:03|0.538|4|39|200|167.70100593566895
2017/12/28|19:10:03|0.541|21|11|200|134.64593887329102
2017/12/28|19:20:03|0.543|4|34|200|137.09402084350586
2017/12/28|19:30:03|0.553|46|12|200|146.23689651489258
2017/12/28|19:40:03|0.538|11|10|200|143.326997756958
2017/12/28|19:50:03|0.544|5|10|200|106.04500770568848
2017/12/28|20:00:03|0.543|4|15|200|153.53107452392578
2017/12/28|20:10:03|0.542|4|9|200|112.40887641906738
2017/12/28|20:20:03|0.542|5|9|200|141.41607284545898
2017/12/28|20:30:03|0.544|7|325|200|421.51880264282227
2017/12/28|20:40:03|0.541|12|10|200|143.0368423461914
2017/12/28|20:50:03|0.542|12|10|200|113.44313621520996
2017/12/28|21:00:03|0.548|4|40|200|152.01997756958008
2017/12/28|21:10:03|0.546|3|9|200|101.81212425231934
2017/12/28|21:20:03|0.544|14|8|200|140.18893241882324
2017/12/28|21:30:03|0.543|4|9|200|109.19499397277832
2017/12/28|21:40:03|0.542|6|10|200|138.8850212097168
2017/12/28|21:50:03|0.548|8|34|200|168.1349277496338
2017/12/28|22:00:04|0.540|8|11|200|296.43988609313965
2017/12/28|22:10:03|0.559|10|12|200|114.95614051818848
2017/12/28|22:20:03|0.538|12|9|200|146.8970775604248
2017/12/28|22:30:03|0.545|4|10|200|107.38396644592285
2017/12/28|22:40:03|0.540|4|34|200|150.954008102417
2017/12/28|22:50:03|0.551|4|36|200|162.00685501098633
2017/12/28|23:00:03|0.549|9|43|200|149.8429775238037
2017/12/28|23:10:03|0.548|4|34|200|128.23891639709473
2017/12/28|23:20:03|0.550|5|11|200|134.77301597595215
2017/12/28|23:30:03|0.546|3|35|200|125.37312507629395
2017/12/28|23:40:03|0.544|13|9|200|143.99003982543945
2017/12/28|23:50:03|0.545|12|10|200|110.18610000610352
2017/12/29|00:00:03|0.540|11|11|200|152.33588218688965
2017/12/29|00:10:03|0.547|11|41|200|185.15300750732422
2017/12/29|00:20:03|0.551|12|17|200|130.18393516540527
2017/12/29|00:30:03|0.546|8|10|200|117.0811653137207
2017/12/29|00:40:03|0.548|3|359|200|464.72692489624023
2017/12/29|00:50:03|0.545|10|392|200|495.3310489654541
2017/12/29|01:00:03|0.556|14|17|200|130.7518482208252
2017/12/29|01:10:03|0.670|5|35|200|151.25203132629395
2017/12/29|01:20:03|0.559|10|43|200|146.09479904174805
2017/12/29|01:30:03|0.577|10|42|200|278.458833694458
2017/12/29|01:40:03|0.542|9|12|200|114.63618278503418
2017/12/29|01:50:03|0.544|4|10|200|135.634183883667
2017/12/29|02:00:03|0.542|10|390|200|502.1529197692871
2017/12/29|02:10:03|0.545|8|44|200|170.2749729156494
2017/12/29|02:20:03|0.543|12|80|200|188.90905380249023
2017/12/29|02:30:03|0.554|5|40|200|173.7539768218994
2017/12/29|02:40:03|0.555|8|13|200|116.04189872741699
2017/12/29|02:50:03|0.553|5|41|200|141.50309562683105
2017/12/29|03:00:03|0.547|5|317|200|421.20885848999023
2017/12/29|03:10:03|0.542|4|41|200|161.5440845489502
2017/12/29|03:20:03|0.542|3|9|200|100.61407089233398
2017/12/29|03:30:03|0.542|7|35|200|161.11207008361816
2017/12/29|03:40:03|0.542|24|10|200|142.1818733215332
2017/12/29|03:50:03|0.541|5|36|200|175.5218505859375
2017/12/29|04:00:03|0.560|4|17|200|119.40813064575195
2017/12/29|04:10:03|0.548|7|328|200|482.4690818786621
2017/12/29|04:20:03|0.555|5|10|200|118.30520629882812
2017/12/29|04:30:03|0.555|13|9|200|124.63903427124023
2017/12/29|04:40:03|0.543|4|40|200|132.48682022094727
2017/12/29|04:50:03|0.546|3|357|200|485.6128692626953
2017/12/29|05:00:04|0.553|8|34|200|140.9599781036377
2017/12/29|05:10:03|0.550|9|323|200|429.7008514404297
2017/12/29|05:20:03|0.550|12|10|200|121.2470531463623
2017/12/29|05:30:03|0.545|12|10|200|140.45310020446777
2017/12/29|05:40:03|0.550|3|43|200|148.29206466674805
2017/12/29|05:50:03|0.545|4|34|200|162.7810001373291
2017/12/29|06:00:03|0.548|4|42|200|136.63697242736816
2017/12/29|06:10:03|0.525|3|9|200|131.9408416748047
2017/12/29|06:20:03|0.533|4|9|200|106.73785209655762
2017/12/29|06:30:03|0.422|2|8|200|107.50603675842285
2017/12/29|06:40:03|0.406|2|9|200|98.7539291381836
2017/12/29|06:50:03|0.530|3|9|200|118.39103698730469
2017/12/29|07:00:03|0.519|3|8|200|134.19795036315918
2017/12/29|07:10:03|0.544|3|9|200|108.65402221679688
2017/12/29|07:20:03|0.538|3|9|200|243.8981533050537
2017/12/29|07:30:03|0.537|3|8|200|102.28586196899414
2017/12/29|07:40:03|0.534|3|8|200|142.5621509552002
2017/12/29|07:50:03|0.556|12|10|200|148.13995361328125
2017/12/29|08:00:03|0.547|11|41|200|181.24008178710938
2017/12/29|08:10:03|0.532|3|10|200|107.83004760742188
2017/12/29|08:20:03|0.545|3|10|200|138.16380500793457
2017/12/29|08:30:03|0.539|4|10|200|109.62605476379395
2017/12/29|08:40:03|0.454|2|9|200|118.67403984069824
2017/12/29|08:50:03|0.539|3|9|200|108.05416107177734
2017/12/29|09:00:04|0.548|12|9|200|128.0059814453125
2017/12/29|09:10:03|0.547|12|10|200|118.4840202331543
2017/12/29|09:20:03|0.605|10|10|200|126.57499313354492
2017/12/29|09:30:03|0.551|3|11|200|104.07400131225586
2017/12/29|09:40:03|0.553|3|10|200|139.80603218078613
2017/12/29|09:50:03|0.570|3|9|200|100.42500495910645
2017/12/29|10:00:03|0.545|4|13|200|142.78888702392578
2017/12/29|10:10:03|0.554|4|9|200|103.15585136413574
2017/12/29|10:20:03|0.559|4|19|200|144.50883865356445
2017/12/29|10:30:03|0.543|4|10|200|110.06498336791992
2017/12/29|10:40:03|0.575|10|42|200|170.57204246520996
2017/12/29|10:50:03|0.584|4|10|200|108.94203186035156
2017/12/29|11:00:05|0.550|7|45|200|171.67401313781738
2017/12/29|11:10:03|0.545|3|9|200|115.81683158874512
2017/12/29|11:20:03|0.543|4|37|200|162.8870964050293
2017/12/29|11:30:03|0.541|4|10|200|101.65214538574219
2017/12/29|11:40:03|0.546|5|12|200|125.39315223693848
2017/12/29|11:50:03|0.558|4|9|200|141.28398895263672
2017/12/29|12:00:03|0.549|4|12|200|120.84293365478516
2017/12/29|12:10:03|0.547|4|10|200|2002.277135848999
2017/12/29|12:20:03|0.572|8|44|200|157.69219398498535
2017/12/29|12:30:03|0.543|11|10|200|148.08201789855957
2017/12/29|12:40:03|0.542|9|43|200|145.57695388793945
2017/12/29|12:50:03|0.549|3|47|200|152.21500396728516
2017/12/29|13:00:03|0.543|4|9|200|112.18690872192383
2017/12/29|13:10:03|0.541|3|9|200|112.85901069641113
2017/12/29|13:20:03|0.550|12|10|200|118.1330680847168
2017/12/29|13:30:03|0.538|3|9|200|113.93404006958008
2017/12/29|13:40:03|0.543|3|11|200|104.85005378723145
2017/12/29|13:50:03|0.560|3|9|200|137.78090476989746
2017/12/29|14:00:03|0.543|2|9|200|145.66397666931152
2017/12/29|14:10:03|0.548|3|35|200|166.27812385559082
2017/12/29|14:20:03|0.580|8|44|200|155.4090976715088
2017/12/29|14:30:03|0.552|4|10|200|117.65599250793457
2017/12/29|14:40:03|0.552|3|9|200|109.85088348388672
2017/12/29|14:50:03|0.619|6|16|200|146.3460922241211
2017/12/29|15:00:03|0.546|4|10|200|105.96799850463867
2017/12/29|15:10:03|0.541|3|9|200|132.55786895751953
2017/12/29|15:20:03|0.565|4|11|200|114.6080493927002
2017/12/29|15:30:03|0.546|3|34|200|138.85188102722168
2017/12/29|15:40:03|0.542|3|10|200|133.31890106201172
2017/12/29|15:50:03|0.557|6|46|200|174.51095581054688
2017/12/29|16:00:03|0.544|11|10|200|119.55404281616211
2017/12/29|16:10:03|0.541|11|10|200|127.23112106323242
2017/12/29|16:20:03|0.569|3|10|200|1404.278039932251
2017/12/29|16:30:03|0.647|3|10|200|134.37795639038086
2017/12/29|16:40:03|0.545|7|35|200|148.8480567932129
2017/12/29|16:50:03|0.546|7|34|200|136.67893409729004
2017/12/29|17:00:03|0.541|3|10|200|121.45781517028809
2017/12/29|17:10:03|0.546|3|9|200|138.84615898132324
2017/12/29|17:20:03|0.548|12|40|200|154.6800136566162
2017/12/29|17:30:03|0.546|4|41|200|171.55098915100098
2017/12/29|17:40:03|0.540|12|10|200|149.36590194702148
2017/12/29|17:50:03|0.552|13|9|200|129.29105758666992
2017/12/29|18:00:03|0.552|4|10|200|107.21516609191895
2017/12/29|18:10:03|0.546|5|15|200|173.87008666992188
2017/12/29|18:20:03|0.548|3|11|200|111.90390586853027
2017/12/29|18:30:03|0.550|6|35|200|151.6878604888916
2017/12/29|18:40:03|0.576|12|9|200|116.38879776000977
2017/12/29|18:50:03|0.554|4|9|200|121.46210670471191
2017/12/29|19:00:03|0.547|8|43|200|144.3350315093994
2017/12/29|19:10:03|0.554|3|41|200|168.9438819885254
2017/12/29|19:20:03|0.567|3|45|200|148.56886863708496
2017/12/29|19:30:03|0.547|4|34|200|147.97115325927734
2017/12/29|19:40:03|0.546|4|35|200|130.60498237609863
2017/12/29|19:50:03|0.539|5|36|200|172.86109924316406
2017/12/29|20:00:03|0.549|7|35|200|127.90608406066895
2017/12/29|20:10:03|0.542|10|42|200|157.12690353393555
2017/12/29|20:20:03|0.545|20|13|200|123.51107597351074
2017/12/29|20:30:03|0.544|6|9|200|136.72900199890137
2017/12/29|20:40:03|0.538|12|10|200|120.22018432617188
2017/12/29|20:50:03|0.542|4|9|200|124.66979026794434
2017/12/29|21:00:03|0.555|4|349|200|469.0728187561035
2017/12/29|21:10:03|0.543|7|35|200|150.03609657287598
2017/12/29|21:20:03|0.544|3|34|200|133.51798057556152
2017/12/29|21:30:03|0.547|3|35|200|160.17580032348633
2017/12/29|21:40:03|0.547|9|43|200|150.01702308654785
2017/12/29|21:50:03|0.548|11|10|200|122.4370002746582
2017/12/29|22:00:03|0.547|12|10|200|114.89105224609375
2017/12/29|22:10:03|0.543|7|13|200|154.04820442199707
2017/12/29|22:20:03|0.545|4|29|200|127.06708908081055
2017/12/29|22:30:03|0.551|4|10|200|135.32495498657227
2017/12/29|22:40:03|0.577|11|11|200|115.21601676940918
2017/12/29|22:50:03|0.545|3|48|200|155.30800819396973
2017/12/29|23:00:03|0.548|3|44|200|144.2699432373047
2017/12/29|23:10:03|0.555|7|35|200|170.64595222473145
2017/12/29|23:20:03|0.545|9|323|200|426.21803283691406
2017/12/29|23:30:03|0.548|3|11|200|127.11000442504883
2017/12/29|23:40:03|0.548|3|10|200|104.25996780395508
2017/12/29|23:50:03|0.547|3|20|200|179.25715446472168
2017/12/30|00:00:03|0.544|4|10|200|101.88794136047363
2017/12/30|00:10:03|0.543|10|42|200|175.6911277770996
2017/12/30|00:20:03|0.547|4|327|200|422.4669933319092
2017/12/30|00:30:03|0.553|11|10|200|127.45404243469238
2017/12/30|00:40:03|0.546|4|12|200|114.92800712585449
2017/12/30|00:50:03|1.728|15|40|200|174.82304573059082
2017/12/30|01:00:03|0.574|6|42|200|143.85199546813965
2017/12/30|01:10:03|0.554|3|370|200|594.9559211730957
2017/12/30|01:20:03|0.548|9|342|200|441.56599044799805
2017/12/30|01:30:03|0.548|4|11|200|137.0258331298828
2017/12/30|01:40:03|0.543|11|10|200|111.17315292358398
2017/12/30|01:50:03|0.549|10|11|200|131.6847801208496
2017/12/30|02:00:03|0.616|4|41|200|138.49711418151855
2017/12/30|02:10:03|0.547|5|10|200|144.3178653717041
2017/12/30|02:20:03|0.553|8|11|200|114.81904983520508
2017/12/30|02:30:03|0.548|12|40|200|169.08788681030273
2017/12/30|02:40:03|0.546|8|44|200|139.6639347076416
2017/12/30|02:50:03|0.553|3|43|200|164.53289985656738
2017/12/30|03:00:03|0.547|8|34|200|131.70409202575684
2017/12/30|03:10:03|0.552|5|37|200|162.22476959228516
2017/12/30|03:20:03|0.545|4|20|200|115.49115180969238
2017/12/30|03:30:03|0.550|6|325|200|439.67700004577637
2017/12/30|03:40:03|0.569|4|19|200|116.79387092590332
2017/12/30|03:50:03|0.549|7|35|200|168.1070327758789
2017/12/30|04:00:03|0.550|8|40|200|149.9650478363037
2017/12/30|04:10:03|0.546|11|40|200|175.9319305419922
2017/12/30|04:20:03|0.548|5|17|200|119.48513984680176
2017/12/30|04:30:03|0.609|4|336|200|474.12991523742676
2017/12/30|04:40:03|0.549|7|11|200|123.54803085327148
2017/12/30|04:50:03|0.552|13|9|200|143.61286163330078
2017/12/30|05:00:03|0.647|4|9|200|104.80999946594238
2017/12/30|05:10:03|0.553|12|9|200|123.44789505004883
2017/12/30|05:20:03|0.547|6|45|200|148.65398406982422
2017/12/30|05:30:03|0.662|4|43|200|152.42600440979004
2017/12/30|05:40:03|0.569|3|76|200|165.99202156066895
2017/12/30|05:50:03|0.573|12|10|200|153.9628505706787
2017/12/30|06:00:03|0.557|8|34|200|137.14599609375
2017/12/30|06:10:03|0.530|3|9|200|129.9300193786621
2017/12/30|06:20:03|0.549|7|9|200|110.64815521240234
2017/12/30|06:30:03|0.530|3|9|200|111.19294166564941
2017/12/30|06:40:03|0.576|4|10|200|116.32299423217773
2017/12/30|06:50:03|0.457|3|8|200|130.6450366973877
2017/12/30|07:00:03|0.580|3|10|200|100.76689720153809
2017/12/30|07:10:03|0.456|3|8|200|143.97001266479492
2017/12/30|07:20:03|0.374|3|9|200|96.04907035827637
2017/12/30|07:30:03|0.477|3|9|200|130.66411018371582
2017/12/30|07:40:03|0.537|4|9|200|105.68404197692871
2017/12/30|07:50:03|0.554|13|9|200|153.58614921569824
2017/12/30|08:00:03|0.554|7|35|200|142.5778865814209
2017/12/30|08:10:03|0.545|3|10|200|136.14988327026367
2017/12/30|08:20:03|0.551|3|42|200|139.7089958190918
2017/12/30|08:30:03|0.550|4|10|200|127.48003005981445
2017/12/30|08:40:04|0.551|3|19|200|113.44599723815918
2017/12/30|08:50:03|0.545|4|10|200|119.81701850891113
2017/12/30|09:00:03|0.594|4|9|200|108.1228256225586
2017/12/30|09:10:03|0.545|3|9|200|145.28393745422363
2017/12/30|09:20:03|0.560|4|9|200|110.76593399047852
2017/12/30|09:30:03|0.552|3|10|200|108.57605934143066
2017/12/30|09:40:03|0.552|4|9|200|1784.0161323547363
2017/12/30|09:50:03|0.551|3|42|200|164.51692581176758
2017/12/30|10:00:03|0.552|7|11|200|105.84712028503418
2017/12/30|10:10:03|0.550|12|9|200|116.04785919189453
2017/12/30|10:20:03|0.587|3|8|200|92.0560359954834
2017/12/30|10:30:03|0.559|4|10|200|141.85595512390137
2017/12/30|10:40:03|0.543|4|9|200|120.03302574157715
2017/12/30|10:50:03|0.541|3|9|200|111.74297332763672
2017/12/30|11:00:03|0.552|4|34|200|128.525972366333
2017/12/30|11:10:03|0.545|3|10|200|136.2459659576416
2017/12/30|11:20:03|0.546|4|35|200|126.27911567687988
2017/12/30|11:30:03|0.553|3|9|200|111.38510704040527
2017/12/30|11:40:04|0.546|8|9|200|138.61608505249023
2017/12/30|11:50:03|0.541|3|58|200|158.99085998535156
2017/12/30|12:00:03|0.542|7|35|200|131.12187385559082
2017/12/30|12:10:03|0.545|8|43|200|177.48403549194336
2017/12/30|12:20:03|0.545|3|10|200|116.70708656311035
2017/12/30|12:30:03|0.548|12|10|200|156.4931869506836
2017/12/30|12:40:03|0.544|3|9|200|106.16493225097656
2017/12/30|12:50:03|0.559|8|34|200|1402.466058731079
2017/12/30|13:00:03|0.549|10|11|200|117.02203750610352
2017/12/30|13:10:03|0.541|3|9|200|121.44708633422852
2017/12/30|13:20:03|0.540|5|11|200|122.528076171875
2017/12/30|13:30:03|0.554|5|9|200|112.21981048583984
2017/12/30|13:40:03|0.542|10|11|200|119.48513984680176
2017/12/30|13:50:03|0.547|3|9|200|143.02706718444824
2017/12/30|14:00:03|0.547|3|33|200|130.29909133911133
2017/12/30|14:10:03|0.541|3|9|200|140.06590843200684
2017/12/30|14:20:03|0.546|4|45|200|147.1879482269287
2017/12/30|14:30:03|0.548|5|176|200|298.60806465148926
2017/12/30|14:40:03|0.547|3|9|200|104.96091842651367
2017/12/30|14:50:03|0.545|3|41|200|162.35089302062988
2017/12/30|15:00:03|0.546|8|34|200|134.95302200317383
2017/12/30|15:10:03|0.556|3|43|200|1885.1869106292725
2017/12/30|15:20:03|0.547|3|11|200|105.48090934753418
2017/12/30|15:30:03|0.546|12|10|200|141.64400100708008
2017/12/30|15:40:03|0.545|3|193|200|297.3330020904541
2017/12/30|15:50:03|0.543|3|9|200|151.4720916748047
2017/12/30|16:00:03|0.552|11|41|200|149.1098403930664
2017/12/30|16:10:03|0.545|13|39|200|155.18808364868164
2017/12/30|16:20:03|0.544|3|10|200|115.2188777923584
2017/12/30|16:30:03|0.551|3|10|200|115.50283432006836
2017/12/30|16:40:03|0.543|12|9|200|119.48800086975098
2017/12/30|16:50:03|0.558|4|9|200|111.19818687438965
2017/12/30|17:00:03|0.548|4|41|200|133.59689712524414
2017/12/30|17:10:03|0.543|3|42|200|1888.3910179138184
2017/12/30|17:20:03|0.634|4|10|200|111.8769645690918
2017/12/30|17:30:03|0.552|3|9|200|135.99300384521484
2017/12/30|17:40:03|0.547|3|10|200|95.70193290710449
2017/12/30|17:50:03|0.545|3|11|200|118.21603775024414
2017/12/30|18:00:03|0.549|11|11|200|116.16015434265137
2017/12/30|18:10:03|0.559|12|10|200|131.39796257019043
2017/12/30|18:20:03|0.540|4|10|200|103.25789451599121
2017/12/30|18:30:03|0.539|12|9|200|139.83488082885742
2017/12/30|18:40:03|0.547|13|9|200|130.15103340148926
2017/12/30|18:50:03|0.546|4|333|200|460.3390693664551
2017/12/30|19:00:03|0.586|3|10|200|101.28498077392578
2017/12/30|19:10:03|0.545|4|9|200|141.23201370239258
2017/12/30|19:20:03|0.553|4|9|200|111.45186424255371
2017/12/30|19:30:03|0.551|3|9|200|129.12583351135254
2017/12/30|19:40:03|0.548|3|9|200|103.22690010070801
2017/12/30|19:50:03|0.555|4|8|200|131.55889511108398
2017/12/30|20:00:03|0.541|11|41|200|144.59800720214844
2017/12/30|20:10:03|0.551|12|10|200|125.42581558227539
2017/12/30|20:20:03|0.543|7|34|200|165.5881404876709
2017/12/30|20:30:03|0.548|4|42|200|149.34706687927246
2017/12/30|20:40:03|0.549|8|174|200|272.63498306274414
2017/12/30|20:50:03|0.544|12|200|200|343.25599670410156
2017/12/30|21:00:03|0.547|12|9|200|116.33110046386719
2017/12/30|21:10:03|0.550|8|34|200|148.12493324279785
2017/12/30|21:20:03|0.540|2|9|200|104.03585433959961
2017/12/30|21:30:03|0.541|3|10|200|148.8349437713623
2017/12/30|21:40:03|0.545|12|10|200|114.40682411193848
2017/12/30|21:50:03|0.544|11|11|200|149.06597137451172
2017/12/30|22:00:03|0.548|3|9|200|99.59197044372559
2017/12/30|22:10:03|0.541|12|9|200|116.4698600769043
2017/12/30|22:20:03|0.562|49|11|200|151.84712409973145
2017/12/30|22:30:03|0.549|13|9|200|115.60297012329102
2017/12/30|22:40:03|0.547|11|10|200|121.07014656066895
2017/12/30|22:50:03|0.540|3|42|200|150.45595169067383
2017/12/30|23:00:03|0.544|3|9|200|102.61797904968262
2017/12/30|23:10:03|0.554|3|9|200|119.66300010681152
2017/12/30|23:20:03|0.547|5|9|200|109.6961498260498
2017/12/30|23:30:03|0.541|8|43|200|150.19893646240234
2017/12/30|23:40:03|0.555|4|9|200|102.98585891723633
2017/12/30|23:50:03|0.548|3|10|200|107.2080135345459
2017/12/31|00:00:03|0.546|12|10|200|119.46606636047363
2017/12/31|00:10:03|0.557|9|43|200|151.0481834411621
2017/12/31|00:20:03|0.551|9|43|200|146.86203002929688
2017/12/31|00:30:03|0.575|8|34|200|161.59296035766602
2017/12/31|00:40:03|0.544|12|40|200|147.19009399414062
2017/12/31|00:50:03|0.543|8|54|200|159.55305099487305
2017/12/31|01:00:03|0.594|4|336|200|438.4958744049072
2017/12/31|01:10:48||||502|
2017/12/31|01:20:03|1.852|22|12|200|147.1250057220459
2017/12/31|01:30:03|1.385|24|9|200|139.50109481811523
2017/12/31|01:40:03|1.37|19|42|200|183.69388580322266
2017/12/31|01:50:03|1.266|14|216|200|354.1269302368164
2017/12/31|02:00:03|1.391|14|36|200|147.40395545959473
2017/12/31|02:10:03|1.296|19|11|200|149.5518684387207
2017/12/31|02:20:03|1.299|12|17|200|168.503999710083
2017/12/31|02:30:03|1.091|19|10|200|153.23305130004883
2017/12/31|02:40:03|1.06|11|35|200|154.371976852417
2017/12/31|02:50:03|1.082|12|48|200|183.8850975036621
2017/12/31|03:00:03|1.292|11|200|200|305.70101737976074
2017/12/31|03:10:03|1.443|10|42|200|175.5077838897705
2017/12/31|03:20:03|1.136|13|35|200|155.09796142578125
2017/12/31|03:30:03|1.12|18|10|200|119.33088302612305
2017/12/31|03:40:03|1.063|13|16|200|121.23489379882812
2017/12/31|03:50:03|9.45|27|10|200|163.9699935913086
2017/12/31|04:00:03|0.998|12|37|200|137.85815238952637
2017/12/31|04:10:03|1.307|11|9|200|125.64611434936523
2017/12/31|04:20:03|0.987|12|325|200|439.79883193969727
2017/12/31|04:30:03|1.016|14|34|200|181.8408966064453
2017/12/31|04:40:03|0.965|17|41|200|170.7298755645752
2017/12/31|04:50:03|1.029|16|42|200|157.23490715026855
2017/12/31|05:00:03|1.043|15|35|200|136.9309425354004
2017/12/31|05:10:03|0.976|16|203|200|346.1639881134033
2017/12/31|05:20:03|0.958|14|223|200|338.6847972869873
2017/12/31|05:30:03|0.965|10|333|200|470.4160690307617
2017/12/31|05:40:03|1.057|10|320|200|465.7111167907715
2017/12/31|05:50:03|0.949|10|33|200|145.06292343139648
2017/12/31|06:00:05|1.896|18|10|200|119.6739673614502
2017/12/31|06:10:03|0.470|4|9|200|112.98704147338867
2017/12/31|06:20:03|0.540|4|110|200|209.89704132080078
2017/12/31|06:30:03|0.603|4|8|200|132.94100761413574
2017/12/31|06:40:03|0.374|6|330|200|428.8918972015381
2017/12/31|06:50:03|0.538|3|9|200|139.5871639251709
2017/12/31|07:00:03|0.520|3|9|200|99.27487373352051
2017/12/31|07:10:03|0.533|4|9|200|113.5399341583252
2017/12/31|07:20:03|0.532|3|8|200|114.22991752624512
2017/12/31|07:30:03|0.542|3|8|200|126.21092796325684
2017/12/31|07:40:03|0.522|3|10|200|99.37500953674316
2017/12/31|07:50:03|0.548|4|9|200|115.38887023925781
2017/12/31|08:00:03|0.603|11|41|200|154.61397171020508
2017/12/31|08:10:03|0.547|4|11|200|130.91206550598145
2017/12/31|08:20:03|0.551|7|35|200|138.34404945373535
2017/12/31|08:30:03|0.544|11|41|200|172.61099815368652
2017/12/31|08:40:03|0.546|4|9|200|110.17990112304688
2017/12/31|08:50:03|0.647|4|40|200|146.69203758239746
2017/12/31|09:00:03|0.539|12|10|200|127.02178955078125
2017/12/31|09:10:03|0.562|4|35|200|142.53997802734375
2017/12/31|09:20:03|0.550|4|8|200|105.78298568725586
2017/12/31|09:30:03|0.537|4|34|200|159.58094596862793
2017/12/31|09:40:03|0.559|6|16|200|111.21296882629395
2017/12/31|09:50:03|0.540|4|35|200|147.45593070983887
2017/12/31|10:00:03|0.563|4|9|200|102.04100608825684
2017/12/31|10:10:03|0.541|12|10|200|127.6390552520752
2017/12/31|10:20:03|0.540|5|9|200|107.2390079498291
2017/12/31|10:30:03|0.540|11|191|200|307.74903297424316
2017/12/31|10:40:03|0.539|6|46|200|145.7061767578125
2017/12/31|10:50:03|0.542|3|12|200|117.06113815307617
2017/12/31|11:00:03|0.542|10|10|200|123.07095527648926
2017/12/31|11:10:03|0.548|4|40|200|144.683837890625
2017/12/31|11:20:03|0.540|12|10|200|112.01000213623047
2017/12/31|11:30:03|0.542|4|10|200|123.75783920288086
2017/12/31|11:40:03|0.541|20|22|200|133.76307487487793
2017/12/31|11:50:03|0.547|12|9|200|151.34811401367188
2017/12/31|12:00:03|0.546|12|40|200|142.3661708831787
2017/12/31|12:10:03|0.543|3|10|200|118.48783493041992
2017/12/31|12:20:03|0.545|4|9|200|105.8950424194336
2017/12/31|12:30:03|0.549|8|44|200|145.4460620880127
2017/12/31|12:40:03|0.597|4|10|200|108.14714431762695
2017/12/31|12:50:03|0.640|8|34|200|136.23690605163574
2017/12/31|13:00:03|0.537|4|10|200|112.20693588256836
2017/12/31|13:10:03|0.542|12|10|200|146.67081832885742
2017/12/31|13:20:03|0.551|9|44|200|147.55988121032715
2017/12/31|13:30:03|0.546|4|9|200|132.843017578125
2017/12/31|13:40:03|0.566|4|10|200|112.06912994384766
2017/12/31|13:50:03|0.544|12|9|200|143.97501945495605
2017/12/31|14:00:03|0.625|5|17|200|140.82813262939453
2017/12/31|14:10:03|0.604|4|9|200|135.82396507263184
2017/12/31|14:20:03|0.626|4|9|200|102.82397270202637
2017/12/31|14:30:03|0.539|4|10|200|120.63097953796387
2017/12/31|14:40:03|0.563|4|9|200|110.38804054260254
2017/12/31|14:50:03|0.541|10|42|200|181.6110610961914
2017/12/31|15:00:03|0.531|4|34|200|135.3931427001953
2017/12/31|15:10:03|0.538|5|10|200|230.19695281982422
2017/12/31|15:20:03|0.578|5|11|200|119.37713623046875
2017/12/31|15:30:03|0.538|12|10|200|128.59797477722168
2017/12/31|15:40:03|0.542|4|9|200|263.5769844055176
2017/12/31|15:50:03|0.539|5|10|200|137.70318031311035
2017/12/31|16:00:03|0.552|4|9|200|107.39302635192871
2017/12/31|16:10:03|0.543|6|16|200|144.4990634918213
2017/12/31|16:20:04|0.538|12|10|200|141.79015159606934
2017/12/31|16:30:05|0.535|4|9|200|108.63900184631348
2017/12/31|16:40:03|0.544|3|9|200|97.1519947052002
2017/12/31|16:50:03|0.544|3|9|200|115.95606803894043
2017/12/31|17:00:03|0.543|3|10|200|100.4021167755127
2017/12/31|17:10:03|0.539|4|41|200|143.204927444458
2017/12/31|17:20:03|0.535|3|43|200|141.42799377441406
2017/12/31|17:30:03|0.537|7|35|200|167.55199432373047
2017/12/31|17:40:03|0.559|4|10|200|113.51799964904785
2017/12/31|17:50:03|0.683|3|10|200|121.09208106994629
2017/12/31|18:00:03|0.569|11|41|200|152.53210067749023
2017/12/31|18:10:03|0.571|3|44|200|147.5529670715332
2017/12/31|18:20:03|0.575|4|43|200|142.36712455749512
2017/12/31|18:30:03|0.557|12|10|200|120.2859878540039
2017/12/31|18:40:03|0.559|4|34|200|132.3869228363037
2017/12/31|18:50:03|0.552|11|41|200|176.83100700378418
2017/12/31|19:00:03|0.559|13|9|200|119.94600296020508
2017/12/31|19:10:03|0.566|4|10|200|118.16000938415527
2017/12/31|19:20:03|0.565|8|34|200|138.031005859375
2017/12/31|19:30:03|0.567|4|10|200|133.00299644470215
2017/12/31|19:40:03|0.558|4|218|200|316.27678871154785
2017/12/31|19:50:03|0.541|12|10|200|144.2880630493164
2017/12/31|20:00:03|0.557|3|43|200|140.38395881652832
2017/12/31|20:10:03|0.570|12|9|200|128.59797477722168
2017/12/31|20:20:03|0.536|4|41|200|139.71495628356934
2017/12/31|20:30:03|0.545|4|43|200|168.2429313659668
2017/12/31|20:40:03|0.540|12|10|200|112.74981498718262
2017/12/31|20:50:03|0.548|4|10|200|117.45214462280273
2017/12/31|21:00:03|0.545|4|10|200|120.34893035888672
2017/12/31|21:10:03|0.545|5|10|200|141.1130428314209
2017/12/31|21:20:03|0.540|8|34|200|1920.4778671264648
2017/12/31|21:30:03|0.544|4|10|200|121.71792984008789
2017/12/31|21:40:03|0.543|4|9|200|104.28309440612793
2017/12/31|21:50:03|0.542|4|10|200|108.46614837646484
2017/12/31|22:00:03|0.542|4|10|200|111.02294921875
2017/12/31|22:10:03|0.545|4|9|200|116.62101745605469
2017/12/31|22:20:03|0.547|12|9|200|116.59002304077148
2017/12/31|22:30:03|0.538|11|10|200|150.09689331054688
2017/12/31|22:40:03|0.541|8|34|200|160.6619358062744
2017/12/31|22:50:03|0.548|9|13|200|152.8940200805664
2017/12/31|23:00:03|0.538|4|9|200|590.4860496520996
2017/12/31|23:10:03|0.547|8|34|200|168.6999797821045
2017/12/31|23:20:03|0.548|3|44|200|131.0720443725586
2017/12/31|23:30:03|0.548|3|34|200|160.55703163146973
2017/12/31|23:40:03|0.545|4|11|200|123.84796142578125
2017/12/31|23:50:03|0.545|9|203|200|330.5048942565918
2018/01/01|00:00:04|0.542|4|11|200|109.65991020202637
2018/01/01|00:10:03|0.544|5|17|200|120.22686004638672
2018/01/01|00:20:03|0.561|12|40|200|148.76508712768555
2018/01/01|00:30:03|0.540|4|34|200|163.47408294677734
2018/01/01|00:40:03|0.596|4|10|200|97.76496887207031
2018/01/01|00:50:03|0.594|4|43|200|152.8000831604004
2018/01/01|01:00:03|0.687|13|230|200|334.29408073425293
2018/01/01|01:10:03|0.690|6|56|200|194.6878433227539
2018/01/01|01:20:03|0.615|3|10|200|108.57200622558594
2018/01/01|01:30:03|0.593|7|35|200|158.71906280517578
2018/01/01|01:40:03|0.596|4|189|200|281.44001960754395
2018/01/01|01:50:03|0.613|4|43|200|164.7801399230957
2018/01/01|02:00:03|0.599|4|34|200|132.34996795654297
2018/01/01|02:10:03|0.583|4|34|200|162.14680671691895
2018/01/01|02:20:03|0.594|4|9|200|141.44396781921387
2018/01/01|02:30:03|0.581|11|10|200|117.03109741210938
2018/01/01|02:40:03|0.587|3|35|200|135.5588436126709
2018/01/01|02:50:03|0.579|5|147|200|277.2970199584961
2018/01/01|03:00:03|0.578|4|10|200|101.38988494873047
2018/01/01|03:10:03|0.607|15|217|200|341.0820960998535
2018/01/01|03:20:03|0.575|4|43|200|137.38393783569336
2018/01/01|03:30:03|0.587|4|41|200|166.52894020080566
2018/01/01|03:40:03|0.579|4|43|200|140.40493965148926
2018/01/01|03:50:03|0.584|4|170|200|276.89194679260254
2018/01/01|04:00:03|0.575|3|43|200|145.04313468933105
2018/01/01|04:10:03|0.574|12|10|200|146.88897132873535
2018/01/01|04:20:03|0.579|5|19|200|111.30189895629883
2018/01/01|04:30:03|0.583|7|10|200|118.91698837280273
2018/01/01|04:40:03|0.576|4|34|200|132.83109664916992
2018/01/01|04:50:03|0.582|3|149|200|251.66702270507812
2018/01/01|05:00:04|0.580|12|41|200|142.75097846984863
2018/01/01|05:10:03|0.587|9|43|200|174.65710639953613
2018/01/01|05:20:03|0.579|9|193|200|295.1769828796387
2018/01/01|05:30:03|0.585|5|10|200|115.41986465454102
2018/01/01|05:40:03|0.577|5|10|200|111.84811592102051
2018/01/01|05:50:03|0.594|12|10|200|151.76010131835938
2018/01/01|06:00:03|0.578|12|140|200|250.43511390686035
2018/01/01|06:10:03|0.534|4|9|200|137.3438835144043
2018/01/01|06:20:03|0.529|6|11|200|109.98106002807617
2018/01/01|06:30:03|0.550|4|9|200|107.31005668640137
2018/01/01|06:40:03|0.522|3|9|200|108.30283164978027
2018/01/01|06:50:03|0.521|3|8|200|155.55691719055176
2018/01/01|07:00:03|0.447|3|9|200|241.43481254577637
2018/01/01|07:10:03|0.527|3|8|200|119.80414390563965
2018/01/01|07:20:03|0.555|5|9|200|100.48913955688477
2018/01/01|07:30:03|0.454|3|8|200|109.43293571472168
2018/01/01|07:40:03|0.533|3|9|200|100.03304481506348
2018/01/01|07:50:03|0.545|8|34|200|169.6000099182129
2018/01/01|08:00:03|0.535|4|41|200|142.333984375
2018/01/01|08:10:03|0.531|13|9|200|143.54300498962402
2018/01/01|08:20:03|0.552|6|226|200|324.9671459197998
2018/01/01|08:30:03|0.534|7|35|200|145.6298828125
2018/01/01|08:40:03|0.536|4|9|200|106.1391830444336
2018/01/01|08:50:03|0.539|12|10|200|128.39794158935547
2018/01/01|09:00:03|0.534|3|9|200|106.10699653625488
2018/01/01|09:10:03|0.532|12|40|200|149.94311332702637
2018/01/01|09:20:03|0.534|4|16|200|111.94300651550293
2018/01/01|09:30:03|0.539|3|40|200|151.0469913482666
2018/01/01|09:40:03|0.538|13|9|200|1839.6480083465576
2018/01/01|09:50:03|0.622|4|11|200|121.9949722290039
2018/01/01|10:00:03|0.536|3|44|200|136.85202598571777
2018/01/01|10:10:03|0.545|9|43|200|154.60205078125
2018/01/01|10:20:03|0.536|3|10|200|103.74903678894043
2018/01/01|10:30:03|0.546|3|42|200|163.8009548187256
2018/01/01|10:40:03|0.542|5|10|200|110.7330322265625
2018/01/01|10:50:03|0.548|3|9|200|106.13203048706055
2018/01/01|11:00:03|0.543|4|9|200|108.48498344421387
2018/01/01|11:10:03|0.548|11|11|200|151.92794799804688
2018/01/01|11:20:03|0.556|3|41|200|141.56079292297363
2018/01/01|11:30:03|0.550|4|9|200|148.51117134094238
2018/01/01|11:40:03|0.607|4|9|200|106.31108283996582
2018/01/01|11:50:03|0.614|12|10|200|139.51587677001953
2018/01/01|12:00:03|0.572|5|15|200|112.86187171936035
2018/01/01|12:10:03|0.564|4|8|200|139.2650604248047
2018/01/01|12:20:03|0.586|4|10|200|127.48312950134277
2018/01/01|12:30:03|0.546|9|43|200|173.57802391052246
2018/01/01|12:40:03|0.546|4|11|200|109.72213745117188
2018/01/01|12:50:03|0.636|4|10|200|120.28908729553223
2018/01/01|13:00:03|0.540|4|9|200|111.0219955444336
2018/01/01|13:10:03|0.535|3|34|200|165.05789756774902
2018/01/01|13:20:03|0.537|4|10|200|121.98710441589355
2018/01/01|13:30:03|0.540|3|10|200|111.44590377807617
2018/01/01|13:40:03|0.555|3|8|200|139.9390697479248
2018/01/01|13:50:03|0.534|9|43|200|195.1608657836914
2018/01/01|14:00:03|0.544|12|10|200|113.94095420837402
2018/01/01|14:10:03|0.537|4|314|200|420.086145401001
2018/01/01|14:20:03|0.544|13|9|200|121.94609642028809
2018/01/01|14:30:03|0.538|3|42|200|168.26200485229492
2018/01/01|14:40:03|0.544|11|10|200|122.27797508239746
2018/01/01|14:50:03|0.551|4|9|200|119.50898170471191
2018/01/01|15:00:03|0.530|3|301|200|392.7338123321533
2018/01/01|15:10:03|0.538|3|10|200|129.1821002960205
2018/01/01|15:20:03|0.597|6|10|200|102.27203369140625
2018/01/01|15:30:03|0.542|3|35|200|158.07414054870605
2018/01/01|15:40:03|0.535|12|10|200|112.38408088684082
2018/01/01|15:50:04|0.541|4|9|200|139.87398147583008
2018/01/01|16:00:03|0.532|11|10|200|110.9321117401123
2018/01/01|16:10:03|0.534|3|41|200|150.34198760986328
2018/01/01|16:20:03|0.576|3|10|200|141.4620876312256
2018/01/01|16:30:03|0.541|9|243|200|379.32300567626953
2018/01/01|16:40:03|0.535|13|9|200|117.218017578125
2018/01/01|16:50:03|0.563|4|10|200|3804.184913635254
2018/01/01|17:00:03|0.536|5|36|200|127.72202491760254
2018/01/01|17:10:03|0.539|4|10|200|147.18198776245117
2018/01/01|17:20:03|0.604|4|42|200|137.12096214294434
2018/01/01|17:30:03|0.557|4|11|200|114.3350601196289
2018/01/01|17:40:03|0.556|5|29|200|137.30216026306152
2018/01/01|17:50:03|0.551|4|18|200|143.54300498962402
2018/01/01|18:00:03|0.534|12|10|200|122.32208251953125
2018/01/01|18:10:03|0.540|4|9|200|108.01482200622559
2018/01/01|18:20:03|0.548|3|9|200|108.9630126953125
2018/01/01|18:30:03|0.613|4|10|200|147.52888679504395
2018/01/01|18:40:03|0.546|3|44|200|161.29803657531738
2018/01/01|18:50:03|0.546|4|34|200|134.48405265808105
2018/01/01|19:00:03|0.540|4|42|200|133.5890293121338
2018/01/01|19:10:03|0.535|4|9|200|136.2760066986084
2018/01/01|19:20:03|0.540|3|43|200|170.7320213317871
2018/01/01|19:30:03|0.542|23|9|200|134.72223281860352
2018/01/01|19:40:03|0.550|4|8|200|109.42220687866211
2018/01/01|19:50:03|0.536|4|9|200|844.6979522705078
2018/01/01|20:00:03|0.559|5|35|200|135.43200492858887
2018/01/01|20:10:03|0.543|13|9|200|120.64290046691895
2018/01/01|20:20:03|0.540|9|43|200|137.59303092956543
2018/01/01|20:30:03|0.543|4|10|200|114.60494995117188
2018/01/01|20:40:03|0.541|5|10|200|109.51805114746094
2018/01/01|20:50:03|0.541|7|35|200|167.9389476776123
2018/01/01|21:00:03|0.535|3|35|200|135.78486442565918
2018/01/01|21:10:03|0.547|7|45|200|185.32991409301758
2018/01/01|21:20:03|0.550|3|44|200|143.91493797302246
2018/01/01|21:30:03|0.537|4|8|200|129.73904609680176
2018/01/01|21:40:03|0.540|12|10|200|118.70789527893066
2018/01/01|21:50:03|0.549|3|9|200|112.05792427062988
2018/01/01|22:00:03|0.536|11|11|200|110.81695556640625
2018/01/01|22:10:03|0.535|3|10|200|137.7568244934082
2018/01/01|22:20:03|0.554|12|320|200|421.13304138183594
2018/01/01|22:30:03|0.534|11|11|200|120.49293518066406
2018/01/01|22:40:03|0.554|4|8|200|130.77402114868164
2018/01/01|22:50:03|0.531|9|43|200|173.4600067138672
2018/01/01|23:00:03|0.536|4|9|200|108.85119438171387
2018/01/01|23:10:03|0.574|3|47|200|171.51308059692383
2018/01/01|23:20:03|0.540|13|319|200|424.954891204834
2018/01/01|23:30:03|0.538|3|11|200|124.83978271484375
2018/01/01|23:40:03|0.538|9|33|200|140.52796363830566
2018/01/01|23:50:03|0.549|12|10|200|123.9168643951416
2018/01/02|00:00:03|0.542|3|42|200|131.4849853515625
2018/01/02|00:10:03|0.537|12|40|200|179.07214164733887
2018/01/02|00:20:03|0.530|11|201|200|305.77588081359863
2018/01/02|00:30:03|0.538|13|9|200|144.59800720214844
2018/01/02|00:40:03|0.533|3|11|200|112.50901222229004
2018/01/02|00:50:03|0.535|8|44|200|139.58311080932617
2018/01/02|01:00:03|0.656|6|37|200|142.53902435302734
2018/01/02|01:10:03|0.631|4|16|200|147.00007438659668
2018/01/02|01:20:03|0.549|4|36|200|155.2572250366211
2018/01/02|01:30:03|0.537|13|10|200|125.57005882263184
2018/01/02|01:40:03|0.543|4|10|200|101.34100914001465
2018/01/02|01:50:03|0.539|12|10|200|117.57421493530273
2018/01/02|02:00:03|0.534|5|34|200|125.88906288146973
2018/01/02|02:10:03|0.539|3|43|200|155.06982803344727
2018/01/02|02:20:03|0.533|3|40|200|133.64791870117188
2018/01/02|02:30:04|0.534|7|315|200|430.47499656677246
2018/01/02|02:40:03|0.544|4|11|200|114.48884010314941
2018/01/02|02:50:03|0.534|8|34|200|168.05386543273926
2018/01/02|03:00:03|0.547|4|9|200|111.26518249511719
2018/01/02|03:10:03|0.534|7|35|200|157.03296661376953
2018/01/02|03:20:03|1.064|4|11|200|104.04515266418457
2018/01/02|03:30:18|0.600|6|346|200|458.8968753814697
2018/01/02|03:40:03|0.538|4|9|200|111.93394660949707
2018/01/02|03:50:03|0.538|4|34|200|136.29794120788574
2018/01/02|04:00:03|0.530|4|10|200|112.4880313873291
2018/01/02|04:10:03|0.536|12|10|200|142.31300354003906
2018/01/02|04:20:18|0.549|4|35|200|138.54289054870605
2018/01/02|04:30:03|0.546|11|40|200|149.85203742980957
2018/01/02|04:40:03|0.530|7|355|200|461.4880084991455
2018/01/02|04:50:18|0.547|13|19|200|144.5300579071045
2018/01/02|05:00:07|0.538|4|10|200|109.00092124938965
2018/01/02|05:10:18|0.532|3|11|200|123.67892265319824
2018/01/02|05:20:03|0.534|4|40|200|133.2089900970459
2018/01/02|05:30:03|0.539|3|44|200|174.89099502563477
2018/01/02|05:40:18|0.551|12|10|200|122.21884727478027
2018/01/02|05:50:03|0.645|5|9|200|118.67594718933105
2018/01/02|06:00:03|0.649|13|9|200|114.58301544189453
2018/01/02|06:10:03|0.522|4|8|200|140.68198204040527
2018/01/02|06:20:03|0.516|2|9|200|116.66703224182129
2018/01/02|06:30:33||||500|
2018/01/02|06:40:03|0.460|3|8|200|117.12789535522461
2018/01/02|06:50:03|0.524|3|9|200|110.31484603881836
2018/01/02|07:00:03|0.454|4|9|200|152.5440216064453
2018/01/02|07:10:03|0.458|3|9|200|99.51305389404297
2018/01/02|07:20:03|0.392|2|9|200|131.15906715393066
2018/01/02|07:30:18||||500|
2018/01/02|07:40:03|0.496|3|8|200|122.82514572143555
2018/01/02|07:50:18|0.531|4|43|200|175.46701431274414
2018/01/02|08:00:22|0.534|8|34|200|151.3807773590088
2018/01/02|08:10:03|0.537|4|9|200|129.1348934173584
2018/01/02|08:20:03|0.579|3|10|200|118.70980262756348
2018/01/02|08:30:18|0.534|3|10|200|141.99304580688477
2018/01/02|08:40:18|0.547|4|10|200|108.78300666809082
2018/01/02|08:50:03|0.542|13|10|200|130.15389442443848
2018/01/02|09:00:03|0.541|3|9|200|103.15489768981934
2018/01/02|09:10:03|0.491|3|9|200|131.47377967834473
2018/01/02|09:20:18||||500|
2018/01/02|09:30:03|0.532|4|9|200|136.53898239135742
2018/01/02|09:40:03|0.397|2|9|200|97.90682792663574
2018/01/02|09:50:18|0.553|3|10|200|119.77005004882812
2018/01/02|10:00:03|0.553|3|36|200|129.43005561828613
2018/01/02|10:10:03|0.548|4|9|200|143.33105087280273
2018/01/02|10:20:03|0.559|4|9|200|97.45216369628906
2018/01/02|10:30:03|0.551|3|10|200|115.9520149230957
2018/01/02|10:40:03|0.546|3|9|200|2493.3102130889893
2018/01/02|10:50:03|0.565|4|37|200|138.8688087463379
2018/01/02|11:00:03|0.530|4|9|200|110.72206497192383
2018/01/02|11:10:03|0.551|3|41|200|131.8981647491455
2018/01/02|11:20:03|0.548|12|19|200|156.32200241088867
2018/01/02|11:30:03|0.547|3|14|200|144.9899673461914
2018/01/02|11:40:03|0.544|3|9|200|107.70201683044434
2018/01/02|11:50:03|0.544|3|9|200|138.0331516265869
2018/01/02|12:00:18|0.648|4|9|200|117.59495735168457
2018/01/02|12:10:18|0.548|4|10|200|748.3220100402832
2018/01/02|12:20:18|0.563|3|9|200|103.67989540100098
2018/01/02|12:30:03|0.555|13|9|200|126.44505500793457
2018/01/02|12:40:03|0.547|3|10|200|131.9730281829834
2018/01/02|12:50:03|0.547|3|11|200|141.42394065856934
2018/01/02|13:00:03|0.543|8|44|200|142.30704307556152
2018/01/02|13:10:03|0.551|4|10|200|129.66012954711914
2018/01/02|13:20:03|0.581|12|10|200|129.39190864562988
2018/01/02|13:30:03|0.549|3|9|200|119.09699440002441
2018/01/02|13:40:50|0.541|3|11|200|118.09897422790527
2018/01/02|13:50:03|0.579|4|9|200|132.5371265411377
2018/01/02|14:00:03|0.649|5|10|200|110.54611206054688
2018/01/02|14:10:03|0.545|11|12|200|135.84303855895996
2018/01/02|14:20:03|0.584|3|9|200|103.2099723815918
2018/01/02|14:30:33|0.547|3|9|200|124.4649887084961
2018/01/02|14:40:18|0.578|6|36|200|155.15995025634766
2018/01/02|14:50:03|0.544|3|10|200|106.77599906921387
2018/01/02|15:00:03|0.540|12|10|200|146.08097076416016
2018/01/02|15:10:18|0.544|12|10|200|151.87811851501465
2018/01/02|15:20:18|0.629|4|9|200|134.12809371948242
2018/01/02|15:30:03|0.544|4|11|200|111.33813858032227
2018/01/02|15:40:03|0.567|4|9|200|102.61702537536621
2018/01/02|15:50:03|0.555|6|34|200|156.1110019683838
2018/01/02|16:00:03|0.545|8|35|200|139.55092430114746
2018/01/02|16:10:18|0.546|4|9|200|127.54607200622559
2018/01/02|16:20:03|0.579|8|35|200|133.12697410583496
2018/01/02|16:30:03|0.623|13|9|200|146.5611457824707
2018/01/02|16:40:03|0.539|4|9|200|110.94903945922852
2018/01/02|16:50:03|0.547|3|35|200|143.53418350219727
2018/01/02|17:00:03|0.539|6|46|200|141.06392860412598
2018/01/02|17:10:03|0.549|12|10|200|144.75584030151367
2018/01/02|17:20:18|0.549|12|10|200|128.8740634918213
2018/01/02|17:30:03|0.540|3|10|200|111.1900806427002
2018/01/02|17:40:03|0.552|3|10|200|104.2790412902832
2018/01/02|17:50:03|0.545|3|8|200|115.29302597045898
2018/01/02|18:00:18|0.546|4|9|200|113.17610740661621
2018/01/02|18:10:18|0.543|3|10|200|133.8341236114502
2018/01/02|18:20:03|0.532|11|10|200|121.14596366882324
2018/01/02|18:30:18|0.537|9|43|200|178.15494537353516
2018/01/02|18:40:03|0.537|3|9|200|170.40610313415527
2018/01/02|18:50:03|0.536|5|10|200|123.66509437561035
2018/01/02|19:00:03|0.531|3|10|200|112.11895942687988
2018/01/02|19:10:07|0.541|3|9|200|199.73492622375488
2018/01/02|19:20:03|0.533|4|10|200|114.76802825927734
2018/01/02|19:30:03|0.541|4|40|200|165.12513160705566
2018/01/02|19:40:18|0.535|5|316|200|422.9559898376465
2018/01/02|19:50:03|0.540|11|40|200|171.43011093139648
2018/01/02|20:00:03|0.536|4|42|200|149.33013916015625
2018/01/02|20:10:03|0.562|7|34|200|168.71404647827148
2018/01/02|20:20:03|0.524|11|40|200|151.48091316223145
2018/01/02|20:30:03|0.534|12|10|200|140.76590538024902
2018/01/02|20:40:18|0.542|5|16|200|130.97691535949707
2018/01/02|20:50:03|0.536|3|9|200|129.63509559631348
2018/01/02|21:00:18|0.535|3|9|200|110.6569766998291
2018/01/02|21:10:18|0.540|3|10|200|111.00983619689941
2018/01/02|21:20:03|0.539|3|10|200|133.6500644683838
2018/01/02|21:30:03|0.520|3|18|200|148.4229564666748
2018/01/02|21:40:18|0.537|4|33|200|132.44009017944336
2018/01/02|21:50:03|0.541|3|9|200|119.41194534301758
2018/01/02|22:00:03|0.532|5|10|200|140.24090766906738
2018/01/02|22:10:03|0.511|8|33|200|163.34009170532227
2018/01/02|22:20:18|0.536|3|9|200|110.81290245056152
2018/01/02|22:30:18|0.530|12|10|200|141.0050392150879
2018/01/02|22:40:03|0.535|5|10|200|106.68611526489258
2018/01/02|22:50:03|0.536|12|40|200|169.18516159057617
2018/01/02|23:00:18|0.531|3|9|200|112.0600700378418
2018/01/02|23:10:18|0.538|3|36|200|164.57700729370117
2018/01/02|23:20:03|0.541|7|35|200|135.48898696899414
2018/01/02|23:30:03|0.542|3|44|200|147.108793258667
2018/01/02|23:40:03|0.541|12|10|200|111.57917976379395
2018/01/02|23:50:03|0.544|8|44|200|153.0778408050537
2018/01/03|00:00:03|0.541|4|22|200|126.05094909667969
2018/01/03|00:10:18|0.540|3|35|200|164.67690467834473
2018/01/03|00:20:18|0.536|3|9|200|105.75509071350098
2018/01/03|00:30:03|0.537|4|11|200|139.9550437927246
2018/01/03|00:40:03|0.542|7|35|200|130.0520896911621
2018/01/03|00:50:03|0.534|3|34|200|158.53309631347656
2018/01/03|01:00:18|0.536|14|9|200|140.51294326782227
2018/01/03|01:10:18|0.535|4|10|200|136.3990306854248
2018/01/03|01:20:03|0.542|6|36|200|130.16200065612793
2018/01/03|01:30:03|0.534|11|11|200|151.02887153625488
2018/01/03|01:40:03|0.534|4|42|200|171.25821113586426
2018/01/03|01:50:03|0.548|11|11|200|127.89797782897949
2018/01/03|02:00:03|0.551|3|9|200|102.83279418945312
2018/01/03|02:10:03|0.533|3|41|200|138.40413093566895
2018/01/03|02:20:03|0.535|3|40|200|131.16097450256348
2018/01/03|02:30:03|0.540|11|10|200|125.15711784362793
2018/01/03|02:40:03|0.548|8|44|200|144.08516883850098
2018/01/03|02:50:03|0.545|5|347|200|478.3039093017578
2018/01/03|03:00:03|0.536|5|12|200|116.07503890991211
2018/01/03|03:10:03|0.545|5|12|200|116.41597747802734
2018/01/03|03:20:03|0.541|3|11|200|112.91813850402832
2018/01/03|03:30:03|0.540|8|34|200|140.0430202484131
2018/01/03|03:40:03|0.539|12|10|200|116.32990837097168
2018/01/03|03:50:03|0.539|4|309|200|418.8189506530762
2018/01/03|04:00:04|0.654|13|329|200|429.60500717163086
2018/01/03|04:10:03|0.632|11|41|200|172.47891426086426
2018/01/03|04:20:03|0.539|3|9|200|110.2747917175293
2018/01/03|04:30:03|0.541|4|9|200|136.2619400024414
2018/01/03|04:40:03|0.534|12|9|200|119.26102638244629
2018/01/03|04:50:03|0.539|4|9|200|137.17985153198242
2018/01/03|05:00:04|0.537|3|9|200|101.5012264251709
2018/01/03|05:10:03|0.536|11|10|200|146.54016494750977
2018/01/03|05:20:03|0.540|9|43|200|145.3840732574463
2018/01/03|05:30:03|0.538|4|22|200|131.1819553375244
2018/01/03|05:40:03|0.528|3|58|200|161.5309715270996
2018/01/03|05:50:03|0.548|13|19|200|156.06093406677246
2018/01/03|06:00:03|0.535|7|35|200|141.3121223449707
2018/01/03|06:10:03|0.451|3|10|200|131.81209564208984
2018/01/03|06:20:03|0.522|3|9|200|109.22002792358398
2018/01/03|06:30:03|0.515|3|10|200|135.79487800598145
2018/01/03|06:40:03|0.525|2|9|200|109.30514335632324
2018/01/03|06:50:03|0.406|3|8|200|113.37709426879883
2018/01/03|07:00:04|0.528|3|9|200|108.24203491210938
2018/01/03|07:10:03|0.498|3|9|200|131.71696662902832
2018/01/03|07:20:03|0.550|3|9|200|127.91895866394043
2018/01/03|07:30:03|0.488|2|9|200|109.4520092010498
2018/01/03|07:40:03|0.439|2|8|200|104.71606254577637
2018/01/03|07:50:03|0.574|5|9|200|112.84780502319336
2018/01/03|08:00:03|0.531|13|9|200|114.98498916625977
2018/01/03|08:10:03|0.538|12|10|200|128.83496284484863
2018/01/03|08:20:04|0.550|3|9|200|104.94208335876465
2018/01/03|08:30:03|0.542|12|10|200|146.66008949279785
2018/01/03|08:40:03|0.617|14|35|200|191.35308265686035
2018/01/03|08:50:03|0.553|4|10|200|125.92291831970215
2018/01/03|09:00:05|0.533|8|44|200|145.48110961914062
2018/01/03|09:10:03|0.592|7|36|200|166.48292541503906
2018/01/03|09:20:03|0.537|3|8|200|132.92479515075684
2018/01/03|09:30:03|0.682|4|10|200|134.30094718933105
2018/01/03|09:40:03|0.582|3|36|200|137.39705085754395
2018/01/03|09:50:03|0.592|5|10|200|140.73610305786133
2018/01/03|10:00:03|0.619|6|36|200|138.73600959777832
2018/01/03|10:10:03|0.532|3|9|200|135.21194458007812
2018/01/03|10:20:03|0.592|11|11|200|122.51615524291992
2018/01/03|10:30:03|0.537|3|10|200|118.37506294250488
2018/01/03|10:40:03|0.548|3|9|200|118.50905418395996
2018/01/03|10:50:03|0.539|3|35|200|151.72386169433594
2018/01/03|11:00:03|0.535|3|10|200|103.1029224395752
2018/01/03|11:10:03|0.538|12|10|200|149.51300621032715
2018/01/03|11:20:03|0.537|2|9|200|102.71906852722168
2018/01/03|11:30:03|0.540|4|10|200|135.66303253173828
2018/01/03|11:40:03|0.537|12|10|200|113.82889747619629
2018/01/03|11:50:03|0.570|3|10|200|144.10996437072754
2018/01/03|12:00:03|0.538|4|11|200|104.19392585754395
2018/01/03|12:10:03|0.534|3|9|200|139.66703414916992
2018/01/03|12:20:03|0.557|4|9|200|106.41288757324219
2018/01/03|12:30:03|0.535|3|9|200|128.8130283355713
2018/01/03|12:40:03|0.623|13|9|200|131.74796104431152
2018/01/03|12:50:03|0.553|3|10|200|114.3031120300293
2018/01/03|13:00:03|0.533|3|35|200|134.67097282409668
2018/01/03|13:10:03|0.538|4|10|200|104.9489974975586
2018/01/03|13:20:03|0.534|4|38|200|165.92907905578613
2018/01/03|13:30:03|0.533|2|10|200|104.4459342956543
2018/01/03|13:40:03|0.534|3|35|200|145.4150676727295
2018/01/03|13:50:03|0.531|13|10|200|113.7840747833252
2018/01/03|14:00:03|0.531|12|10|200|144.54412460327148
2018/01/03|14:10:03|0.570|3|11|200|126.26194953918457
2018/01/03|14:20:03|0.578|4|11|200|135.39981842041016
2018/01/03|14:30:03|0.537|3|10|200|99.97391700744629
2018/01/03|14:40:03|0.542|4|11|200|305.73391914367676
2018/01/03|14:50:03|0.541|3|9|200|134.8271369934082
2018/01/03|15:00:03|0.536|4|11|200|112.45608329772949
2018/01/03|15:10:03|0.537|4|10|200|138.90981674194336
2018/01/03|15:20:03|0.534|3|10|200|142.82488822937012
2018/01/03|15:30:03|0.532|5|36|200|139.52398300170898
2018/01/03|15:40:03|0.545|4|10|200|132.13181495666504
2018/01/03|15:50:03|0.579|3|9|200|103.33585739135742
2018/01/03|16:00:03|0.543|3|10|200|140.40112495422363
2018/01/03|16:10:03|0.544|4|52|200|154.60610389709473
2018/01/03|16:20:04|0.563|4|11|200|124.17197227478027
2018/01/03|16:30:03|0.535|3|9|200|103.74999046325684
2018/01/03|16:40:03|0.533|3|9|200|141.15500450134277
2018/01/03|16:50:03|0.544|11|10|200|123.79908561706543
2018/01/03|17:00:03|0.536|4|44|200|170.03107070922852
2018/01/03|17:10:03|0.547|3|197|200|300.2898693084717
2018/01/03|17:20:03|0.551|8|34|200|149.87516403198242
2018/01/03|17:30:03|0.540|4|41|200|136.9020938873291
2018/01/03|17:40:03|0.543|12|10|200|126.21188163757324
2018/01/03|17:50:03|0.533|3|10|200|97.96905517578125
2018/01/03|18:00:03|0.540|5|72|200|208.18114280700684
2018/01/03|18:10:03|0.614|12|10|200|120.18203735351562
2018/01/03|18:20:03|0.533|7|35|200|160.4609489440918
2018/01/03|18:30:03|0.542|7|35|200|132.35187530517578
2018/01/03|18:40:03|0.545|11|11|200|124.0999698638916
2018/01/03|18:50:03|0.544|3|35|200|128.17096710205078
2018/01/03|19:00:03|0.535|3|10|200|831.0568332672119
2018/01/03|19:10:03|0.570|8|44|200|141.28398895263672
2018/01/03|19:20:03|0.536|11|10|200|148.82206916809082
2018/01/03|19:30:03|0.539|4|41|200|138.03887367248535
2018/01/03|19:40:03|0.532|3|19|200|128.18312644958496
2018/01/03|19:50:03|0.528|3|10|200|137.037992477417
2018/01/03|20:00:03|0.608|4|34|200|135.8790397644043
2018/01/03|20:10:03|0.540|3|36|200|124.96209144592285
2018/01/03|20:20:03|0.541|4|36|200|157.84597396850586
2018/01/03|20:30:03|0.538|4|37|200|128.83520126342773
2018/01/03|20:40:03|0.542|7|35|200|162.59002685546875
2018/01/03|20:50:03|0.540|5|10|200|114.11094665527344
2018/01/03|21:00:03|0.535|13|9|200|152.76408195495605
2018/01/03|21:10:03|0.539|11|10|200|114.28999900817871
2018/01/03|21:20:03|0.532|11|10|200|151.81493759155273
2018/01/03|21:30:03|0.588|12|10|200|115.08989334106445
2018/01/03|21:40:03|0.535|11|11|200|113.91401290893555
2018/01/03|21:50:03|0.534|4|10|200|112.49399185180664
2018/01/03|22:00:03|0.537|7|14|200|131.37078285217285
2018/01/03|22:10:03|0.554|4|10|200|106.0640811920166
2018/01/03|22:20:03|0.536|4|9|200|130.38301467895508
2018/01/03|22:30:03|0.529|11|40|200|149.183988571167
2018/01/03|22:40:03|0.533|6|9|200|142.77100563049316
2018/01/03|22:50:03|0.534|7|35|200|1346.2731838226318
2018/01/03|23:00:03|0.534|8|36|200|188.46797943115234
2018/01/03|23:10:03|0.537|4|35|200|135.69402694702148
2018/01/03|23:20:03|0.529|3|40|200|153.1839370727539
2018/01/03|23:30:03|0.541|5|36|200|146.41714096069336
2018/01/03|23:40:03|0.533|7|35|200|165.70305824279785
2018/01/03|23:50:03|0.543|3|10|200|109.86208915710449
2018/01/04|00:00:03|0.533|3|44|200|147.2330093383789
2018/01/04|00:10:03|0.540|8|34|200|134.51910018920898
2018/01/04|00:20:03|0.542|12|9|200|133.06093215942383
2018/01/04|00:30:03|0.537|11|13|200|122.0710277557373
2018/01/04|00:40:03|0.537|14|9|200|125.32305717468262
2018/01/04|00:50:03|0.532|7|44|200|133.7869167327881
2018/01/04|01:00:03|0.541|12|10|200|128.6609172821045
2018/01/04|01:10:03|0.545|4|10|200|114.93706703186035
2018/01/04|01:20:03|0.540|9|363|200|480.1027774810791
2018/01/04|01:30:03|0.541|8|14|200|131.13784790039062
2018/01/04|01:40:03|0.546|7|34|200|141.84117317199707
2018/01/04|01:50:03|0.538|3|35|200|161.02981567382812
2018/01/04|02:00:03|0.543|3|45|200|153.1069278717041
2018/01/04|02:10:03|0.544|6|156|200|251.22308731079102
2018/01/04|02:20:03|0.544|7|35|200|142.21906661987305
2018/01/04|02:30:03|0.541|6|35|200|133.32486152648926
2018/01/04|02:40:03|0.538|3|17|200|146.94905281066895
2018/01/04|02:50:03|0.539|9|43|200|140.93899726867676
2018/01/04|03:00:03|0.530|3|35|200|133.01491737365723
2018/01/04|03:10:03|0.539|12|9|200|120.83578109741211
2018/01/04|03:20:03|0.536|7|35|200|159.64102745056152
2018/01/04|03:30:03|0.537|3|383|200|486.36698722839355
2018/01/04|03:40:03|0.541|8|34|200|172.61791229248047
2018/01/04|03:50:03|0.548|7|10|200|275.3028869628906
2018/01/04|04:00:03|0.635|4|35|200|158.17499160766602
2018/01/04|04:10:03|0.538|8|34|200|131.03485107421875
2018/01/04|04:20:03|0.535|4|35|200|167.50192642211914
2018/01/04|04:30:03|0.655|3|357|200|461.1029624938965
2018/01/04|04:40:03|0.545|11|11|200|1316.6120052337646
2018/01/04|04:50:03|0.540|4|35|200|130.06997108459473
2018/01/04|05:00:03|0.539|4|9|200|110.64982414245605
2018/01/04|05:10:03|0.532|4|35|200|139.07408714294434
2018/01/04|05:20:03|0.535|3|11|200|119.76909637451172
2018/01/04|05:30:03|0.539|4|10|200|113.93213272094727
2018/01/04|05:40:03|0.536|11|10|200|150.1781940460205
2018/01/04|05:50:03|0.545|4|10|200|106.39286041259766
2018/01/04|06:00:03|0.534|8|34|200|143.62692832946777
2018/01/04|06:10:03|0.421|3|9|200|138.91887664794922
2018/01/04|06:20:03|0.513|3|9|200|135.4360580444336
2018/01/04|06:30:03|0.528|3|8|200|97.55492210388184
2018/01/04|06:40:03|0.436|2|9|200|128.49092483520508
2018/01/04|06:50:03|0.526|3|9|200|456.84003829956055
2018/01/04|07:00:03|0.548|3|9|200|135.03408432006836
2018/01/04|07:10:03|0.497|4|10|200|105.57913780212402
2018/01/04|07:20:03|0.568|4|8|200|133.12292098999023
2018/01/04|07:30:03|0.488|3|8|200|107.88702964782715
2018/01/04|07:40:03|0.516|3|8|200|111.72318458557129
2018/01/04|07:50:03|0.558|4|10|200|108.53099822998047
2018/01/04|08:00:03|0.535|3|9|200|130.13100624084473
2018/01/04|08:10:03|0.539|4|34|200|129.67419624328613
2018/01/04|08:20:03|0.531|8|14|200|147.0348834991455
2018/01/04|08:30:03|0.550|3|11|200|113.98506164550781
2018/01/04|08:40:03|0.519|3|9|200|126.63102149963379
2018/01/04|08:50:03|0.537|11|10|200|114.72320556640625
2018/01/04|09:00:03|0.535|3|35|200|140.7918930053711
2018/01/04|09:10:03|0.532|12|10|200|125.1230239868164
2018/01/04|09:20:03|0.538|13|9|200|112.2891902923584
2018/01/04|09:30:03|0.531|3|11|200|114.00508880615234
2018/01/04|09:40:03|0.538|12|10|200|115.69619178771973
2018/01/04|09:50:04|0.562|4|10|200|1233.5469722747803
2018/01/04|10:00:03|0.532|3|10|200|111.09781265258789
2018/01/04|10:10:03|0.525|3|10|200|98.29401969909668
2018/01/04|10:20:03|0.533|3|13|200|141.2351131439209
2018/01/04|10:30:03|0.545|11|11|200|121.1700439453125
2018/01/04|10:40:03|0.536|4|10|200|905.7049751281738
2018/01/04|10:50:03|0.534|13|9|200|117.48123168945312
2018/01/04|11:00:03|0.535|12|10|200|124.22800064086914
2018/01/04|11:10:03|0.536|3|10|200|122.28012084960938
2018/01/04|11:20:03|0.527|3|9|200|135.3909969329834
2018/01/04|11:30:03|0.532|3|11|200|142.00997352600098
2018/01/04|11:40:03|0.545|3|13|200|109.78889465332031
2018/01/04|11:50:03|0.531|3|10|200|110.84818840026855
2018/01/04|12:00:03|0.534|4|10|200|108.1380844116211
2018/01/04|12:10:03|0.534|3|10|200|134.45401191711426
2018/01/04|12:20:03|0.566|3|10|200|112.55097389221191
2018/01/04|12:30:03|0.532|12|10|200|120.98503112792969
2018/01/04|12:40:03|0.538|4|9|200|111.5570068359375
2018/01/04|12:50:03|0.590|5|10|200|107.91206359863281
2018/01/04|13:00:03|0.535|3|9|200|113.1889820098877
2018/01/04|13:10:03|0.539|13|9|200|112.02192306518555
2018/01/04|13:20:03|0.533|7|35|200|152.12702751159668
2018/01/04|13:30:03|0.532|3|11|200|104.34794425964355
2018/01/04|13:40:03|0.545|11|10|200|150.26307106018066
2018/01/04|13:50:03|0.552|4|37|200|140.3810977935791
2018/01/04|14:00:03|0.532|12|10|200|140.35391807556152
2018/01/04|14:10:03|0.587|4|14|200|119.65799331665039
2018/01/04|14:20:03|0.528|11|10|200|132.4598789215088
2018/01/04|14:30:03|0.534|3|9|200|111.03200912475586
2018/01/04|14:40:03|0.533|3|10|200|133.72802734375
2018/01/04|14:50:03|0.543|11|11|200|1217.2071933746338
2018/01/04|15:00:03|0.532|13|10|200|134.72700119018555
2018/01/04|15:10:03|0.537|8|43|200|139.80388641357422
2018/01/04|15:20:03|0.552|5|47|200|154.77514266967773
2018/01/04|15:30:03|0.533|4|10|200|114.73393440246582
2018/01/04|15:40:03|0.539|9|12|200|142.7299976348877
2018/01/04|15:50:03|0.542|12|9|200|126.93190574645996
2018/01/04|16:00:03|0.542|11|10|200|120.12004852294922
2018/01/04|16:10:03|0.535|4|11|200|139.7840976715088
