chart|date|executionTime|upstreamLatency|proxyLatency|responseCode|responseTime
2018/01/04|02:20:03|618|645|0|200|687.4411106109619
2018/01/04|02:30:03|620|654|17|200|745.6059455871582
2018/01/04|02:40:03|618|648|0|200|691.1420822143555
2018/01/04|02:50:03|622|653|19|200|723.599910736084
2018/01/04|03:00:03|640|666|4|200|711.982011795044
2018/01/04|03:10:03|639|664|15|200|730.7229042053223
2018/01/04|03:20:03|621|654|122|200|818.5021877288818
2018/01/04|03:30:03|621|650|35|200|736.901044845581
2018/01/04|03:40:03|624|652|0|200|694.8130130767822
2018/01/04|03:50:03|623|648|18|200|738.3079528808594
2018/01/04|04:00:03|644|673|4|200|719.8660373687744
2018/01/04|04:10:03|653|685|19|200|754.0249824523926
2018/01/04|04:20:03|627|651|96|200|790.3940677642822
2018/01/04|04:30:03|621|650|32|200|732.7759265899658
2018/01/04|04:40:04|624|654|0|200|698.0719566345215
2018/01/04|04:50:03|635|661|0|200|710.7021808624268
2018/01/04|05:00:03|652|681|0|200|723.6330509185791
2018/01/04|05:10:03|642|674|0|200|725.0669002532959
2018/01/04|05:20:03|632|664|4|200|710.3939056396484
2018/01/04|05:30:03|656|689|99|200|841.0019874572754
2018/01/04|05:40:03|644|670|0|200|713.1428718566895
2018/01/04|05:50:03|644|678|4|200|753.5421848297119
2018/01/04|06:00:03|644|673|0|200|715.054988861084
2018/01/04|06:10:03|653|686|0|200|735.1241111755371
2018/01/04|06:20:03|681|715|2|200|760.1330280303955
2018/01/04|06:30:03|692|720|101|200|894.6659564971924
2018/01/04|06:40:03|683|710|0|200|752.7751922607422
2018/01/04|06:50:03|702|731|0|200|804.8009872436523
2018/01/04|07:00:03|825|851|4|200|897.2339630126953
2018/01/04|07:10:03|663|688|0|200|762.2439861297607
2018/01/04|07:20:03|721|754|2|200|799.0269660949707
2018/01/04|07:30:03|687|715|119|200|906.8918228149414
2018/01/04|07:40:03|656|685|0|200|727.2348403930664
2018/01/04|07:50:03|665|698|0|200|748.812198638916
2018/01/04|08:00:03|635|666|0|200|709.2599868774414
2018/01/04|08:10:03|629|658|3|200|732.3801517486572
2018/01/04|08:20:03|645|670|3|200|716.2661552429199
2018/01/04|08:30:03|630|656|0|200|728.6238670349121
2018/01/04|08:40:03|629|655|124|200|821.3779926300049
2018/01/04|08:50:03|641|673|0|200|724.0068912506104
2018/01/04|09:00:03|643|674|0|200|717.3199653625488
2018/01/04|09:10:03|621|655|4|200|712.0130062103271
2018/01/04|09:20:03|668|701|15|200|758.7409019470215
2018/01/04|09:30:03|631|666|0|200|719.0508842468262
2018/01/04|09:40:03|622|651|140|200|834.3169689178467
2018/01/04|09:50:05|641|674|0|200|967.3299789428711
2018/01/04|10:00:03|633|665|0|200|707.6621055603027
2018/01/04|10:10:03|642|675|0|200|727.1311283111572
2018/01/04|10:20:03|644|678|3|200|723.883867263794
2018/01/04|10:30:03|632|660|0|200|733.2279682159424
2018/01/04|10:40:04|649|680|135|200|858.2139015197754
2018/01/04|10:50:03|667|696|0|200|767.8649425506592
2018/01/04|11:00:03|638|668|0|200|710.8969688415527
2018/01/04|11:10:03|645|678|0|200|751.3370513916016
2018/01/04|11:20:03|649|676|0|200|720.4458713531494
2018/01/04|11:30:03|627|653|0|200|725.553035736084
2018/01/04|11:40:03|641|677|0|200|721.045970916748
2018/01/04|11:50:03|639|675|103|200|831.4330577850342
2018/01/04|12:00:03|637|664|0|200|706.6371440887451
2018/01/04|12:10:03|624|658|0|200|730.6008338928223
2018/01/04|12:20:03|705|739|0|200|782.628059387207
2018/01/04|12:30:03|624|649|14|200|735.8829975128174
2018/01/04|12:40:03|617|645|0|200|688.0960464477539
2018/01/04|12:50:03|640|670|103|200|825.1030445098877
2018/01/04|13:00:03|634|661|0|200|703.4192085266113
2018/01/04|13:10:03|626|658|0|200|731.2760353088379
2018/01/04|13:20:03|640|665|0|200|708.5709571838379
2018/01/04|13:30:03|617|651|36|200|760.0021362304688
2018/01/04|13:40:03|625|653|0|200|696.5358257293701
2018/01/04|13:50:03|646|677|29|200|779.2198657989502
2018/01/04|14:00:03|638|672|102|200|817.2461986541748
2018/01/04|14:10:03|633|662|0|200|735.4049682617188
2018/01/04|14:20:03|663|691|0|200|734.3599796295166
2018/01/04|14:30:03|633|667|14|200|753.7558078765869
2018/01/04|14:40:03|645|673|0|200|715.2490615844727
2018/01/04|14:50:04|667|695|30|200|1669.023036956787
2018/01/04|15:00:03|626|656|0|200|699.4969844818115
2018/01/04|15:10:03|621|649|101|200|822.6168155670166
2018/01/04|15:20:03|636|663|24|200|729.6278476715088
2018/01/04|15:30:03|620|653|0|200|725.9471416473389
2018/01/04|15:40:03|622|652|0|200|725.6028652191162
2018/01/04|15:50:03|652|683|0|200|726.4139652252197
2018/01/04|16:00:03|638|667|0|200|739.0849590301514
2018/01/04|16:10:03|617|655|0|200|698.599100112915
2018/01/04|16:20:03|641|668|100|200|841.5091037750244
2018/01/04|16:30:03|620|650|3|200|696.4139938354492
2018/01/04|16:40:03|619|653|0|200|726.2470722198486
2018/01/04|16:50:03|745|776|0|200|818.9189434051514
2018/01/04|17:00:03|636|667|33|200|772.8970050811768
2018/01/04|17:10:03|620|647|19|200|708.4290981292725
2018/01/04|17:20:03|669|704|0|200|753.9551258087158
2018/01/04|17:30:03|623|651|98|200|792.5510406494141
2018/01/04|17:40:03|621|646|39|200|756.9520473480225
2018/01/04|17:50:03|637|672|3|200|718.4269428253174
2018/01/04|18:00:03|637|669|33|200|773.859977722168
2018/01/04|18:10:03|631|662|0|200|704.5938968658447
2018/01/04|18:20:03|621|651|0|200|702.5549411773682
2018/01/04|18:30:03|638|669|96|200|807.5599670410156
2018/01/04|18:40:03|632|657|0|200|708.0090045928955
2018/01/04|18:50:03|628|657|6|200|706.085205078125
2018/01/04|19:00:03|638|666|33|200|749.3820190429688
2018/01/04|19:10:03|620|653|0|200|696.3918209075928
2018/01/04|19:20:03|622|648|0|200|719.8741436004639
2018/01/04|19:30:03|625|649|0|200|692.5959587097168
2018/01/04|19:40:05|620|653|105|200|809.5331192016602
2018/01/04|19:50:03|624|665|2|200|709.9249362945557
2018/01/04|20:00:03|630|662|0|200|734.7710132598877
2018/01/04|20:10:03|621|656|3|200|701.7199993133545
2018/01/04|20:20:03|620|646|0|200|718.6329364776611
2018/01/04|20:30:04|622|654|0|200|697.8549957275391
2018/01/04|20:40:03|643|672|0|200|745.4490661621094
2018/01/04|20:50:03|634|662|124|200|828.2051086425781
2018/01/04|21:00:03|641|669|3|200|723.7608432769775
2018/01/04|21:10:03|627|653|33|200|729.2101383209229
2018/01/04|21:20:04|628|656|6|200|733.9479923248291
2018/01/04|21:30:03|622|655|0|200|698.3299255371094
2018/01/04|21:40:03|629|662|0|200|714.0641212463379
2018/01/04|21:50:03|623|651|116|200|809.6859455108643
2018/01/04|22:00:03|639|670|3|200|727.1950244903564
2018/01/04|22:10:03|618|648|0|200|690.1168823242188
2018/01/04|22:20:03|642|671|0|200|722.728967666626
2018/01/04|22:30:03|621|651|4|200|697.3280906677246
2018/01/04|22:40:03|619|652|18|200|720.8359241485596
2018/01/04|22:50:03|619|647|38|200|727.0960807800293
2018/01/04|23:00:03|631|664|103|200|840.1100635528564
2018/01/04|23:10:03|618|644|0|200|686.4550113677979
2018/01/04|23:20:03|619|652|19|200|743.8881397247314
2018/01/04|23:30:03|623|652|0|200|695.0879096984863
2018/01/04|23:40:03|621|653|3|200|709.4099521636963
2018/01/04|23:50:03|622|649|19|200|711.3139629364014
2018/01/05|00:00:04|631|661|114|200|848.2348918914795
2018/01/05|00:10:03|624|650|0|200|692.3058032989502
2018/01/05|00:20:03|625|655|2|200|729.1929721832275
2018/01/05|00:30:04|634|692|0|200|744.1461086273193
2018/01/05|00:40:03|639|672|3|200|747.5540637969971
2018/01/05|00:50:03|624|648|37|200|728.1689643859863
2018/01/05|01:00:03|661|694|0|200|746.1631298065186
2018/01/05|01:10:03|644|679|94|200|816.1499500274658
2018/01/05|01:20:03|621|653|3|200|728.1558513641357
2018/01/05|01:30:03|622|646|0|200|690.1838779449463
2018/01/05|01:40:03|617|645|0|200|696.9311237335205
2018/01/05|01:50:03|618|644|23|200|709.6118927001953
2018/01/05|02:00:03|663|695|0|200|777.6780128479004
2018/01/05|02:10:03|646|674|118|200|834.4769477844238
2018/01/05|02:20:03|620|645|54|200|770.9381580352783
2018/01/05|02:30:04|620|649|0|200|691.7738914489746
2018/01/05|02:40:03|615|642|23|200|873.586893081665
2018/01/05|02:50:03|618|650|3|200|696.234941482544
2018/01/05|03:00:03|635|663|37|200|772.284984588623
2018/01/05|03:10:03|621|649|18|200|709.4440460205078
2018/01/05|03:20:03|620|647|166|200|885.5531215667725
2018/01/05|03:30:03|620|647|21|200|711.4310264587402
2018/01/05|03:40:03|623|653|0|200|725.6379127502441
2018/01/05|03:50:03|619|644|18|200|703.8729190826416
2018/01/05|04:00:03|642|667|39|200|778.9640426635742
2018/01/05|04:10:05|631|656|0|200|698.836088180542
2018/01/05|04:20:03|619|646|126|200|845.0379371643066
2018/01/05|04:30:03|619|645|3|200|690.9348964691162
2018/01/05|04:40:03|624|652|0|200|725.4438400268555
2018/01/05|04:50:03|617|651|0|200|693.4108734130859
2018/01/05|05:00:03|638|667|0|200|717.9279327392578
2018/01/05|05:10:03|654|683|0|200|726.431131362915
2018/01/05|05:20:03|616|649|140|200|862.2090816497803
2018/01/05|05:30:03|638|670|19|200|731.8570613861084
2018/01/05|05:40:03|640|678|0|200|750.0450611114502
2018/01/05|05:50:03|647|680|2|200|730.9081554412842
2018/01/05|06:00:03|685|714|0|200|785.9280109405518
2018/01/05|06:10:03|722|757|0|200|800.4660606384277
2018/01/05|06:20:03|667|695|0|200|766.3378715515137
2018/01/05|06:30:03|712|762|116|200|920.1979637145996
2018/01/05|06:40:03|647|676|0|200|728.8329601287842
2018/01/05|06:50:03|642|679|0|200|721.1081981658936
2018/01/05|07:00:03|667|695|0|200|768.5699462890625
2018/01/05|07:10:03|655|683|39|200|766.5448188781738
2018/01/05|07:20:03|743|780|0|200|853.2440662384033
2018/01/05|07:30:03|664|696|30|200|768.1879997253418
2018/01/05|07:40:03|665|695|95|200|845.1311588287354
2018/01/05|07:50:03|656|690|5|200|738.0039691925049
2018/01/05|08:00:03|663|694|0|200|767.2519683837891
2018/01/05|08:10:03|635|659|0|200|703.0479907989502
2018/01/05|08:20:03|695|726|0|200|797.6500988006592
2018/01/05|08:30:03|638|669|35|200|747.5919723510742
2018/01/05|08:40:03|644|671|0|200|743.2651519775391
2018/01/05|08:50:03|656|690|122|200|856.1089038848877
2018/01/05|09:00:03|679|709|0|200|762.667179107666
2018/01/05|09:10:03|678|712|0|200|755.5408477783203
2018/01/05|09:20:03|658|686|0|200|757.8129768371582
2018/01/05|09:30:03|639|670|0|200|713.5951519012451
2018/01/05|09:40:03|644|676|0|200|1878.251075744629
2018/01/05|09:50:03|660|684|3|200|729.4650077819824
2018/01/05|10:00:03|648|674|121|200|866.6729927062988
2018/01/05|10:10:03|631|660|0|200|703.1519412994385
2018/01/05|10:20:03|667|694|0|200|746.5400695800781
2018/01/05|10:30:03|628|656|0|200|698.8940238952637
2018/01/05|10:40:03|640|666|21|200|740.8878803253174
2018/01/05|10:50:03|654|684|2|200|729.8541069030762
2018/01/05|11:00:03|676|702|95|200|847.0230102539062
2018/01/05|11:10:03|624|652|18|200|714.4081592559814
2018/01/05|11:20:03|673|698|0|200|771.1319923400879
2018/01/05|11:30:03|643|673|5|200|721.7259407043457
2018/01/05|11:40:03|626|656|31|200|738.9719486236572
2018/01/05|11:50:03|674|703|0|200|746.6831207275391
2018/01/05|12:00:03|660|699|0|200|772.5851535797119
2018/01/05|12:10:03|643|668|101|200|814.1899108886719
2018/01/05|12:20:03|721|755|17|200|845.1018333435059
2018/01/05|12:30:03|680|713|4|200|759.774923324585
2018/01/05|12:40:03|634|665|22|200|761.0769271850586
2018/01/05|12:50:03|684|710|0|200|752.8688907623291
2018/01/05|13:00:03|641|674|0|200|746.4931011199951
2018/01/05|13:10:03|634|662|0|200|705.4500579833984
2018/01/05|13:20:03|683|714|91|200|859.2050075531006
2018/01/05|13:30:03|637|667|0|200|709.0740203857422
2018/01/05|13:40:03|634|659|6|200|716.0708904266357
2018/01/05|13:50:03|685|711|31|200|784.8961353302002
2018/01/05|14:00:03|641|669|0|200|741.5351867675781
2018/01/05|14:10:03|627|659|0|200|701.4338970184326
2018/01/05|14:20:03|680|711|0|200|783.8602066040039
2018/01/05|14:30:03|634|664|111|200|818.3670043945312
2018/01/05|14:40:03|644|674|24|200|771.2399959564209
2018/01/05|14:50:07|642|674|3|200|720.5698490142822
2018/01/05|15:00:03|659|688|0|200|760.5230808258057
2018/01/05|15:10:03|626|651|21|200|715.2628898620605
2018/01/05|15:20:03|645|676|0|200|1595.4010486602783
2018/01/05|15:30:03|637|663|116|200|821.7940330505371
2018/01/05|15:40:03|643|670|0|200|722.4159240722656
2018/01/05|15:50:03|648|677|4|200|725.5401611328125
2018/01/05|16:00:03|658|685|3|200|741.3549423217773
2018/01/05|16:10:03|645|676|24|200|743.541955947876
2018/01/05|16:20:03|684|716|0|200|788.1689071655273
2018/01/05|16:30:03|635|659|123|200|825.2191543579102
2018/01/05|16:40:03|628|653|0|200|727.9798984527588
2018/01/05|16:50:03|646|673|0|200|715.4169082641602
2018/01/05|17:00:03|651|676|6|200|733.7000370025635
2018/01/05|17:10:03|631|657|0|200|699.9080181121826
2018/01/05|17:20:03|654|685|0|200|736.8028163909912
2018/01/05|17:30:04|636|659|95|200|796.8409061431885
2018/01/05|17:40:03|642|675|0|200|747.8389739990234
2018/01/05|17:50:03|650|684|0|200|727.3252010345459
2018/01/05|18:00:03|648|678|24|200|774.799108505249
2018/01/05|18:10:03|636|669|0|200|713.7179374694824
2018/01/05|18:20:03|638|667|0|200|717.7860736846924
2018/01/05|18:30:03|636|661|0|200|705.3720951080322
2018/01/05|18:40:03|635|664|98|200|836.4548683166504
2018/01/05|18:50:03|631|666|0|200|708.4999084472656
2018/01/05|19:00:04|659|687|3|200|763.8919353485107
2018/01/05|19:10:03|643|668|3|200|714.2250537872314
2018/01/05|19:20:03|628|661|0|200|711.993932723999
2018/01/05|19:30:03|653|682|0|200|724.3461608886719
2018/01/05|19:40:03|630|664|98|200|813.859224319458
2018/01/05|19:50:03|631|663|0|200|705.4369449615479
2018/01/05|20:00:03|645|676|0|200|749.7279644012451
2018/01/05|20:10:03|628|661|4|200|708.1730365753174
2018/01/05|20:20:03|629|662|0|200|712.7211093902588
2018/01/05|20:30:03|635|661|2|200|706.9540023803711
2018/01/05|20:40:03|625|658|0|200|709.7198963165283
2018/01/05|20:50:03|633|660|100|200|802.6440143585205
2018/01/05|21:00:03|645|677|0|200|749.290943145752
2018/01/05|21:10:05|633|665|3|200|712.1338844299316
2018/01/05|21:20:03|640|666|0|200|737.4989986419678
2018/01/05|21:30:03|654|681|3|200|728.1129360198975
2018/01/05|21:40:04|628|676|0|200|729.7580242156982
2018/01/05|21:50:03|638|672|105|200|820.6889629364014
2018/01/05|22:00:04|645|684|0|200|765.3560638427734
2018/01/05|22:10:03|638|665|33|200|741.8880462646484
2018/01/05|22:20:03|656|685|4|200|763.4739875793457
2018/01/05|22:30:03|630|660|0|200|704.6799659729004
2018/01/05|22:40:03|630|657|21|200|729.7799587249756
2018/01/05|22:50:03|630|659|0|200|700.8450031280518
2018/01/05|23:00:03|656|687|119|200|857.759952545166
2018/01/05|23:10:03|633|664|22|200|729.3190956115723
2018/01/05|23:20:03|649|674|0|200|724.8978614807129
2018/01/05|23:30:03|635|661|5|200|709.2819213867188
2018/01/05|23:40:03|629|661|20|200|733.6208820343018
2018/01/05|23:50:03|630|659|0|200|702.0831108093262
2018/01/06|00:00:03|628|658|134|200|865.4510974884033
2018/01/06|00:10:03|630|659|3|200|705.3709030151367
2018/01/06|00:20:03|629|660|21|200|752.173900604248
2018/01/06|00:30:03|627|658|21|200|722.6641178131104
2018/01/06|00:40:03|638|662|0|200|735.2480888366699
2018/01/06|00:50:03|632|662|4|200|709.0151309967041
2018/01/06|01:00:03|674|702|96|200|850.0330448150635
2018/01/06|01:10:03|652|677|21|200|742.9959774017334
2018/01/06|01:20:03|652|684|44|200|802.1790981292725
2018/01/06|01:30:04|629|655|0|200|698.8630294799805
2018/01/06|01:40:03|628|655|18|200|723.8249778747559
2018/01/06|01:50:03|628|660|33|200|737.260103225708
2018/01/06|02:00:04|661|691|117|200|859.3401908874512
2018/01/06|02:10:03|631|658|0|200|702.0080089569092
2018/01/06|02:20:03|655|679|33|200|784.5950126647949
2018/01/06|02:30:03|629|658|4|200|704.707145690918
2018/01/06|02:40:04|633|665|0|200|716.9589996337891
2018/01/06|02:50:04|641|674|0|200|717.4708843231201
2018/01/06|03:00:03|625|651|21|200|724.7798442840576
2018/01/06|03:10:03|634|659|102|200|803.6069869995117
2018/01/06|03:20:03|645|675|34|200|783.0259799957275
2018/01/06|03:30:03|636|669|0|200|713.1140232086182
2018/01/06|03:40:03|632|665|5|200|741.6601181030273
2018/01/06|03:50:03|633|661|0|200|704.2429447174072
2018/01/06|04:00:03|656|686|22|200|789.1409397125244
2018/01/06|04:10:03|629|654|0|200|697.0210075378418
2018/01/06|04:20:03|641|667|98|200|838.982105255127
2018/01/06|04:30:03|633|659|0|200|701.5190124511719
2018/01/06|04:40:03|634|668|22|200|762.6590728759766
2018/01/06|04:50:03|633|666|0|200|709.1150283813477
2018/01/06|05:00:03|654|683|0|200|755.3198337554932
2018/01/06|05:10:03|631|658|0|200|701.6570568084717
2018/01/06|05:20:03|632|662|4|200|718.46604347229
2018/01/06|05:30:03|654|683|157|200|882.9879760742188
2018/01/06|05:40:03|649|684|0|200|735.8231544494629
2018/01/06|05:50:03|648|678|4|200|726.1049747467041
2018/01/06|06:00:03|654|678|33|200|763.1340026855469
2018/01/06|06:14:28|659|688|19|200|749.824047088623
2018/01/06|06:20:03|725|758|0|200|809.8280429840088
2018/01/06|06:30:03|681|713|150|200|906.5530300140381
2018/01/06|06:40:03|667|693|0|200|766.0338878631592
2018/01/06|06:50:03|672|699|0|200|743.0269718170166
2018/01/06|07:00:04|714|747|4|200|801.7730712890625
2018/01/06|07:10:03|701|733|0|200|778.454065322876
2018/01/06|07:20:03|673|698|0|200|770.6809043884277
2018/01/06|07:30:03|685|710|0|200|752.7310848236084
2018/01/06|07:40:03|669|697|98|200|846.5070724487305
2018/01/06|07:50:03|647|688|2|200|742.3429489135742
2018/01/06|08:00:04|636|667|17|200|1060.7337951660156
2018/01/06|08:10:03|628|658|3|200|704.5061588287354
2018/01/06|08:20:03|638|664|0|200|715.2211666107178
2018/01/06|08:30:03|627|661|0|200|704.7240734100342
2018/01/06|08:40:03|640|666|54|200|792.6979064941406
2018/01/06|08:50:03|638|667|105|200|814.5151138305664
2018/01/06|09:00:03|647|678|2|200|733.936071395874
2018/01/06|09:10:03|650|679|21|200|743.2689666748047
2018/01/06|09:20:03|655|687|0|200|738.2700443267822
2018/01/06|09:30:05|630|663|3|200|709.8751068115234
2018/01/06|09:40:04|631|657|0|200|719.6140289306641
2018/01/06|09:50:04|628|657|133|200|833.2650661468506
2018/01/06|10:00:03|641|674|4|200|751.1060237884521
2018/01/06|10:10:03|628|659|0|200|701.9391059875488
2018/01/06|10:20:03|657|685|0|200|735.6531620025635
2018/01/06|10:30:03|641|676|0|200|718.4469699859619
2018/01/06|10:40:03|636|660|0|200|732.4819564819336
2018/01/06|10:50:03|638|672|0|200|715.3351306915283
2018/01/06|11:00:03|671|698|122|200|873.2609748840332
2018/01/06|11:10:03|626|653|0|200|695.8730220794678
2018/01/06|11:20:03|668|698|4|200|774.8861312866211
2018/01/06|11:30:03|631|658|0|200|700.8640766143799
2018/01/06|11:40:03|626|659|18|200|728.3840179443359
2018/01/06|11:50:03|647|677|33|200|752.7439594268799
2018/01/06|12:00:03|649|683|0|200|733.5159778594971
2018/01/06|12:10:03|635|668|115|200|826.056957244873
2018/01/06|12:20:03|632|666|3|200|2183.9661598205566
2018/01/06|12:30:03|630|663|0|200|707.5290679931641
2018/01/06|12:40:03|633|656|0|200|729.3031215667725
2018/01/06|12:50:03|641|666|32|200|741.6238784790039
2018/01/06|13:00:03|669|699|0|200|771.7130184173584
2018/01/06|13:10:03|631|667|0|200|710.0279331207275
2018/01/06|13:20:03|635|667|109|200|828.9680480957031
2018/01/06|13:30:03|631|661|0|200|704.1959762573242
2018/01/06|13:40:03|637|662|2|200|714.9331569671631
2018/01/06|13:50:03|644|670|73|200|785.4371070861816
2018/01/06|14:00:03|645|673|0|200|745.5270290374756
2018/01/06|14:10:03|630|655|0|200|698.5759735107422
2018/01/06|14:20:03|641|670|18|200|760.552167892456
2018/01/06|14:30:03|636|668|100|200|814.7578239440918
2018/01/06|14:40:03|630|661|0|200|734.2081069946289
2018/01/06|14:50:04|636|659|34|200|735.4731559753418
2018/01/06|15:00:03|639|673|0|200|746.0248470306396
2018/01/06|15:10:03|625|660|0|200|703.3529281616211
2018/01/06|15:20:03|631|655|15|200|720.3781604766846
2018/01/06|15:30:03|634|664|101|200|808.366060256958
2018/01/06|15:40:03|633|659|0|200|731.9149971008301
2018/01/06|15:50:03|634|660|0|200|702.5351524353027
2018/01/06|16:00:03|663|694|0|200|768.714189529419
2018/01/06|16:10:03|634|664|3|200|709.7630500793457
2018/01/06|16:20:03|632|665|0|200|736.8879318237305
2018/01/06|16:30:03|628|660|98|200|801.973819732666
2018/01/06|16:40:03|630|661|0|200|712.3410701751709
2018/01/06|16:50:03|645|672|0|200|715.1408195495605
2018/01/06|17:00:03|655|682|30|200|763.192892074585
2018/01/06|17:10:03|640|669|0|200|712.0189666748047
2018/01/06|17:20:03|639|664|0|200|713.4530544281006
2018/01/06|17:30:03|630|662|15|200|719.9611663818359
2018/01/06|17:40:03|627|655|100|200|806.279182434082
2018/01/06|17:50:03|627|655|0|200|698.2800960540771
2018/01/06|18:00:03|636|669|53|200|795.0239181518555
2018/01/06|18:10:03|627|658|0|200|701.7068862915039
2018/01/06|18:20:03|628|653|0|200|725.9018421173096
2018/01/06|18:30:03|629|659|0|200|701.8640041351318
2018/01/06|18:40:03|629|692|102|200|866.3890361785889
2018/01/06|18:50:03|629|659|0|200|704.1051387786865
2018/01/06|19:00:03|636|665|23|200|744.6150779724121
2018/01/06|19:10:03|625|657|0|200|700.8311748504639
2018/01/06|19:20:03|625|653|0|200|728.6679744720459
2018/01/06|19:30:03|626|651|0|200|695.9800720214844
2018/01/06|19:40:03|629|652|107|200|832.3500156402588
2018/01/06|19:50:03|631|657|6|200|707.96799659729
2018/01/06|20:00:03|648|674|0|200|747.1270561218262
2018/01/06|20:10:03|636|661|30|200|734.7328662872314
2018/01/06|20:20:03|631|662|0|200|734.0679168701172
2018/01/06|20:30:03|628|653|18|200|715.8019542694092
2018/01/06|20:40:03|648|672|102|200|847.4290370941162
2018/01/06|20:50:03|631|658|6|200|708.7428569793701
2018/01/06|21:00:03|653|680|0|200|730.3798198699951
2018/01/06|21:10:03|627|653|31|200|726.5129089355469
2018/01/06|21:20:03|638|666|0|200|738.9159202575684
2018/01/06|21:30:03|630|655|0|200|699.0199089050293
2018/01/06|21:40:03|643|669|19|200|760.246992111206
2018/01/06|21:50:03|627|658|111|200|814.5999908447266
2018/01/06|22:00:04|641|675|0|200|1690.9079551696777
2018/01/06|22:10:03|625|656|0|200|699.3629932403564
2018/01/06|22:20:03|628|656|0|200|706.8459987640381
2018/01/06|22:30:03|634|658|0|200|700.9871006011963
2018/01/06|22:40:03|639|669|0|200|719.810962677002
2018/01/06|22:50:03|630|663|103|200|810.1599216461182
2018/01/06|23:00:03|639|667|4|200|722.4619388580322
2018/01/06|23:10:03|640|669|21|200|733.5910797119141
2018/01/06|23:20:03|630|656|0|200|706.76589012146
2018/01/06|23:30:03|632|656|0|200|700.3281116485596
2018/01/06|23:40:03|635|659|0|200|734.3089580535889
2018/01/06|23:50:03|630|655|0|200|698.4879970550537
2018/01/07|00:00:04|642|670|103|200|846.1830615997314
2018/01/07|00:10:03|628|656|0|200|698.6160278320312
2018/01/07|00:20:04|637|664|0|200|736.9718551635742
2018/01/07|00:30:03|648|672|0|200|715.5020236968994
2018/01/07|00:40:03|629|656|0|200|708.1449031829834
2018/01/07|00:50:03|627|659|23|200|725.0471115112305
2018/01/07|01:00:03|669|696|0|200|746.9971179962158
2018/01/07|01:11:18|2395|3099|104|200|3246.9451427459717
2018/01/07|01:20:03|731|775|0|200|848.2460975646973
2018/01/07|01:30:03|624|662|0|200|705.219030380249
2018/01/07|01:40:06|643|680|2|200|755.6281089782715
2018/01/07|01:50:04|650|683|26|200|753.0980110168457
2018/01/07|02:00:03|754|790|0|200|865.7851219177246
2018/01/07|02:10:03|625|675|0|200|718.5490131378174
2018/01/07|02:20:03|626|657|107|200|836.1330032348633
2018/01/07|02:30:04|627|663|37|200|743.2820796966553
2018/01/07|02:40:03|730|763|0|200|835.2229595184326
2018/01/07|02:50:03|625|655|36|200|733.1390380859375
2018/01/07|03:00:03|680|719|0|200|770.4460620880127
2018/01/07|03:10:03|627|659|18|200|719.6300029754639
2018/01/07|03:20:03|633|668|0|200|718.8260555267334
2018/01/07|03:30:03|627|660|130|200|833.9731693267822
2018/01/07|03:40:03|656|695|4|200|770.8179950714111
2018/01/07|03:50:03|621|651|0|200|694.9620246887207
2018/01/07|04:00:03|660|698|25|200|777.5099277496338
2018/01/07|04:10:04|622|657|21|200|720.5219268798828
2018/01/07|04:20:03|622|655|0|200|705.9760093688965
2018/01/07|04:30:03|622|654|121|200|817.8620338439941
2018/01/07|04:40:03|627|656|31|200|737.746000289917
2018/01/07|04:50:04|624|659|3|200|705.651044845581
2018/01/07|05:00:04|651|682|18|200|2385.464906692505
2018/01/07|05:10:03|634|668|3|200|714.6589756011963
2018/01/07|05:20:03|635|670|21|200|741.581916809082
2018/01/07|05:31:34|641|669|105|200|818.5439109802246
2018/01/07|05:40:03|637|672|33|200|756.7451000213623
2018/01/07|05:50:03|650|680|0|200|723.0048179626465
2018/01/07|06:00:04|660|692|18|200|784.2979431152344
2018/01/07|06:10:04|722|755|0|200|799.4279861450195
2018/01/07|06:20:03|669|707|2|200|763.0600929260254
2018/01/07|06:30:03|716|753|0|200|796.8039512634277
2018/01/07|06:40:03|703|734|130|200|938.3330345153809
2018/01/07|06:50:04|705|741|0|200|786.3459587097168
2018/01/07|07:00:03|682|712|0|200|784.4531536102295
2018/01/07|07:10:03|672|704|23|200|770.9870338439941
2018/01/07|07:20:03|669|731|0|200|802.7851581573486
2018/01/07|07:30:03|677|706|0|200|750.9150505065918
2018/01/07|07:40:03|661|693|21|200|764.8730278015137
2018/01/07|07:50:03|659|694|101|200|837.414026260376
2018/01/07|08:00:03|668|701|3|200|756.309986114502
2018/01/07|08:10:03|650|679|16|200|738.5590076446533
2018/01/07|08:20:03|644|682|0|200|736.9720935821533
2018/01/07|08:30:03|636|672|3|200|718.0681228637695
2018/01/07|08:40:03|648|681|0|200|730.9792041778564
2018/01/07|08:50:03|651|687|99|200|828.3579349517822
2018/01/07|09:00:03|661|695|3|200|749.4349479675293
2018/01/07|09:10:03|668|698|15|200|756.6070556640625
2018/01/07|09:20:03|663|698|0|200|770.831823348999
2018/01/07|09:30:03|638|676|0|200|720.2169895172119
2018/01/07|09:40:03|688|721|0|200|793.3361530303955
2018/01/07|09:50:03|656|682|132|200|857.5789928436279
2018/01/07|10:00:03|671|700|0|200|771.2740898132324
2018/01/07|10:10:03|628|659|0|200|702.7709484100342
2018/01/07|10:20:03|633|666|0|200|717.5519466400146
2018/01/07|10:32:29|621|651|0|200|696.0339546203613
2018/01/07|10:40:03|620|654|2|200|730.8459281921387
2018/01/07|10:50:03|623|657|122|200|821.9161033630371
2018/01/07|11:00:03|649|679|0|200|731.1239242553711
2018/01/07|11:10:03|632|662|0|200|705.3248882293701
2018/01/07|11:20:03|637|674|0|200|726.7649173736572
2018/01/07|11:30:03|635|670|0|200|713.5660648345947
2018/01/07|11:40:03|656|694|0|200|766.8600082397461
2018/01/07|11:50:03|636|673|31|200|747.1139430999756
2018/01/07|12:00:03|648|676|115|200|842.8440093994141
2018/01/07|12:10:03|654|683|2|200|728.8329601287842
2018/01/07|12:20:03|618|650|15|200|716.3410186767578
2018/01/07|12:30:03|623|652|0|200|695.3818798065186
2018/01/07|12:40:03|625|661|0|200|733.0801486968994
2018/01/07|12:50:03|639|669|0|200|713.263988494873
2018/01/07|13:00:03|639|673|120|200|845.2210426330566
2018/01/07|13:10:03|640|667|4|200|714.1890525817871
2018/01/07|13:20:03|621|653|17|200|742.2878742218018
2018/01/07|13:30:03|620|656|0|200|698.5259056091309
2018/01/07|13:40:03|618|655|0|200|706.2499523162842
2018/01/07|13:50:03|649|682|0|200|726.1970043182373
2018/01/07|14:00:03|633|665|32|200|747.5578784942627
2018/01/07|14:10:03|632|662|107|200|812.9899501800537
2018/01/07|14:20:03|635|664|0|200|714.6449089050293
2018/01/07|14:30:03|622|655|0|200|698.1260776519775
2018/01/07|14:40:03|627|657|0|200|707.733154296875
2018/01/07|14:50:03|641|670|3|200|716.4781093597412
2018/01/07|15:00:03|638|668|33|200|774.709939956665
2018/01/07|15:10:03|639|666|0|200|709.0449333190918
2018/01/07|15:20:03|622|650|99|200|799.3559837341309
2018/01/07|15:30:03|630|665|0|200|709.8851203918457
2018/01/07|15:40:03|622|649|0|200|722.2940921783447
2018/01/07|15:50:03|645|678|0|200|721.2848663330078
2018/01/07|16:00:03|702|732|3|200|808.2571029663086
2018/01/07|16:10:03|618|650|0|200|694.8361396789551
2018/01/07|16:20:03|621|655|122|200|830.467939376831
2018/01/07|16:30:03|641|676|0|200|718.4200286865234
2018/01/07|16:40:03|623|655|0|200|706.0098648071289
2018/01/07|16:50:03|622|651|0|200|694.3390369415283
2018/01/07|17:00:03|637|664|0|200|735.8870506286621
2018/01/07|17:10:03|625|654|40|200|736.8161678314209
2018/01/07|17:20:03|627|655|0|200|706.9060802459717
2018/01/07|17:30:03|623|653|116|200|811.859130859375
2018/01/07|17:40:03|626|659|0|200|989.617109298706
2018/01/07|17:50:03|619|654|21|200|717.4630165100098
2018/01/07|18:00:03|667|701|3|200|778.0771255493164
2018/01/07|18:10:03|662|693|32|200|767.9228782653809
2018/01/07|18:20:03|632|660|0|200|712.1121883392334
2018/01/07|18:30:03|626|652|0|200|695.4460144042969
2018/01/07|18:40:03|621|649|96|200|816.4348602294922
2018/01/07|18:50:03|628|656|0|200|699.5949745178223
2018/01/07|19:00:03|635|669|2|200|745.1820373535156
2018/01/07|19:10:03|625|654|0|200|697.4990367889404
2018/01/07|19:20:04|624|659|0|200|713.1118774414062
2018/01/07|19:30:03|629|657|0|200|700.4959583282471
2018/01/07|19:40:03|627|658|103|200|842.4160480499268
2018/01/07|19:50:03|646|677|3|200|724.294900894165
2018/01/07|20:00:03|632|660|22|200|732.2108745574951
2018/01/07|20:10:03|633|668|0|200|712.6939296722412
2018/01/07|20:20:04|625|661|0|200|715.6600952148438
2018/01/07|20:30:03|626|657|5|200|705.1260471343994
2018/01/07|20:40:03|629|664|106|200|850.5449295043945
2018/01/07|20:50:03|619|650|0|200|693.5720443725586
2018/01/07|21:00:03|638|672|22|200|5759.1259479522705
2018/01/07|21:10:08|643|679|0|200|724.9810695648193
2018/01/07|21:20:08|637|672|0|200|743.7119483947754
2018/01/07|21:30:07|628|657|2|200|5731.0471534729
2018/01/07|21:40:08|622|651|114|200|818.234920501709
2018/01/07|21:50:03|628|661|21|200|726.7918586730957
2018/01/07|22:00:06|657|692|0|200|745.1488971710205
2018/01/07|22:10:14|628|661|3|200|708.5189819335938
2018/01/07|22:20:03|623|656|0|200|707.7741622924805
2018/01/07|22:30:03|622|658|0|200|701.7228603363037
2018/01/07|22:40:03|630|660|3|200|735.692024230957
2018/01/07|22:50:03|619|650|102|200|794.7771549224854
2018/01/07|23:00:04|643|676|0|200|749.7730255126953
2018/01/07|23:10:03|618|651|0|200|693.835973739624
2018/01/07|23:20:03|651|681|5|200|738.9869689941406
2018/01/07|23:30:03|632|667|30|200|740.1800155639648
2018/01/07|23:40:03|628|660|0|200|711.1499309539795
2018/01/07|23:50:03|623|649|107|200|799.9999523162842
2018/01/08|00:00:04|630|663|3|200|718.6758518218994
2018/01/08|00:10:04|618|653|0|200|696.0217952728271
2018/01/08|00:20:03|620|653|4|200|728.7070751190186
2018/01/08|00:30:03|627|659|34|200|736.2191677093506
2018/01/08|00:40:03|622|650|0|200|738.2528781890869
2018/01/08|00:50:03|620|646|14|200|702.6259899139404
2018/01/08|01:00:03|668|709|94|200|853.8360595703125
2018/01/08|01:10:03|652|681|4|200|729.9070358276367
2018/01/08|01:20:03|635|663|0|200|714.785099029541
2018/01/08|01:30:03|620|653|0|200|697.166919708252
2018/01/08|01:40:03|625|656|0|200|1936.4240169525146
2018/01/08|01:50:03|626|653|18|200|714.5719528198242
2018/01/08|02:00:03|663|696|110|200|879.6401023864746
2018/01/08|02:10:03|621|648|19|200|710.4330062866211
2018/01/08|02:20:04|627|662|0|200|734.3199253082275
2018/01/08|02:30:04|622|649|0|200|692.817211151123
2018/01/08|02:40:03|625|658|52|200|782.6249599456787
2018/01/08|02:50:03|642|675|0|200|717.5769805908203
2018/01/08|03:00:03|644|676|7|200|734.4169616699219
2018/01/08|03:10:03|621|653|122|200|818.8729286193848
2018/01/08|03:20:03|632|670|0|200|721.8039035797119
2018/01/08|03:30:03|626|654|0|200|698.4450817108154
2018/01/08|03:40:03|618|644|0|200|697.8318691253662
2018/01/08|03:50:03|621|652|0|200|696.0361003875732
2018/01/08|04:00:05|665|693|21|200|843.4710502624512
2018/01/08|04:10:03|623|653|101|200|797.6038455963135
2018/01/08|04:20:03|642|678|0|200|751.8470287322998
2018/01/08|04:30:04|628|656|0|200|699.2919445037842
2018/01/08|04:40:03|623|650|0|200|722.4860191345215
2018/01/08|04:50:03|626|660|0|200|703.6271095275879
2018/01/08|05:00:03|632|661|0|200|1634.3238353729248
2018/01/08|05:10:03|621|656|0|200|698.9331245422363
2018/01/08|05:20:03|619|654|102|200|827.9299736022949
2018/01/08|05:30:07|651|678|0|200|722.0659255981445
2018/01/08|05:40:03|636|663|0|200|736.6549968719482
2018/01/08|05:50:03|627|654|49|200|746.3359832763672
2018/01/08|06:00:03|651|683|0|200|755.875825881958
2018/01/08|06:10:03|656|683|18|200|743.710994720459
2018/01/08|06:20:03|705|737|104|200|914.1080379486084
2018/01/08|06:30:03|661|693|0|200|737.6959323883057
2018/01/08|06:40:03|665|694|3|200|749.1250038146973
2018/01/08|06:50:04|655|690|32|200|764.6448612213135
2018/01/08|07:00:04|695|736|0|200|808.7790012359619
2018/01/08|07:10:03|681|715|14|200|772.3860740661621
2018/01/08|07:20:03|729|763|107|200|1857.2940826416016
2018/01/08|07:30:03|663|696|21|200|759.5770359039307
2018/01/08|07:40:03|656|683|19|200|752.9659271240234
2018/01/08|07:50:03|791|818|0|200|864.4368648529053
2018/01/08|08:00:03|633|668|0|200|720.0639247894287
2018/01/08|08:10:03|634|667|3|200|714.3049240112305
2018/01/08|08:20:03|640|668|0|200|740.7510280609131
2018/01/08|08:30:03|624|650|110|200|803.4510612487793
2018/01/08|08:40:03|619|651|0|200|723.1059074401855
2018/01/08|08:50:03|668|699|0|200|742.156982421875
2018/01/08|09:00:03|637|669|32|200|2160.0258350372314
2018/01/08|09:10:03|633|671|0|200|715.5740261077881
2018/01/08|09:20:03|649|678|0|200|751.6119480133057
2018/01/08|09:30:03|636|666|117|200|829.3230533599854
2018/01/08|09:40:03|639|670|3|200|725.212812423706
2018/01/08|09:50:08|667|702|0|200|745.1989650726318
2018/01/08|10:00:03|717|745|22|200|818.5591697692871
2018/01/08|10:10:03|633|668|0|200|711.5120887756348
2018/01/08|10:20:03|650|684|0|200|765.9189701080322
2018/01/08|10:30:03|639|667|104|200|816.0459995269775
2018/01/08|10:40:03|623|658|4|200|734.9529266357422
2018/01/08|10:50:03|680|706|4|200|753.0920505523682
2018/01/08|11:00:03|648|679|0|200|753.9858818054199
2018/01/08|11:10:03|627|664|0|200|707.0858478546143
2018/01/08|11:20:03|637|671|33|200|778.5840034484863
2018/01/08|11:30:03|636|672|0|200|717.0729637145996
2018/01/08|11:40:03|649|679|105|200|858.4959506988525
2018/01/08|11:50:03|647|681|4|200|732.5818538665771
2018/01/08|12:00:03|645|680|0|200|752.5169849395752
2018/01/08|12:10:03|627|661|32|200|735.4629039764404
2018/01/08|12:20:03|674|705|17|200|795.4630851745605
2018/01/08|12:30:03|624|650|0|200|694.8568820953369
2018/01/08|12:40:03|624|654|101|200|827.2159099578857
2018/01/08|12:50:03|638|665|0|200|707.7960968017578
2018/01/08|13:00:03|642|672|0|200|745.1620101928711
2018/01/08|13:10:03|627|654|0|200|697.0829963684082
2018/01/08|13:20:03|662|696|4|200|753.2720565795898
2018/01/08|13:30:03|622|649|0|200|692.6920413970947
2018/01/08|13:40:03|647|685|0|200|738.1601333618164
2018/01/08|13:50:07|635|663|101|200|807.0700168609619
2018/01/08|14:00:03|640|675|0|200|749.2599487304688
2018/01/08|14:10:04|678|715|0|200|758.9869499206543
2018/01/08|14:20:03|648|674|0|200|746.8349933624268
2018/01/08|14:30:03|621|649|3|200|694.7879791259766
2018/01/08|14:40:03|636|667|0|200|742.2051429748535
2018/01/08|14:50:03|683|717|0|200|760.5128288269043
2018/01/08|15:00:03|655|680|108|200|840.1329517364502
2018/01/08|15:10:06|627|657|0|200|701.8918991088867
2018/01/08|15:20:03|641|675|34|200|762.5429630279541
2018/01/08|15:30:03|632|659|17|200|720.2310562133789
2018/01/08|15:40:03|644|676|4|200|734.2250347137451
2018/01/08|15:50:03|660|687|0|200|730.5409908294678
2018/01/08|16:00:03|646|676|0|200|746.4089393615723
2018/01/08|16:10:03|628|663|110|200|815.608024597168
2018/01/08|16:20:03|642|674|33|200|779.8798084259033
2018/01/08|16:30:03|628|663|0|200|705.3840160369873
2018/01/08|16:40:03|625|658|3|200|732.975959777832
2018/01/08|16:50:03|684|715|22|200|779.3869972229004
2018/01/08|17:00:03|635|671|0|200|723.862886428833
2018/01/08|17:10:03|628|658|103|200|804.1470050811768
2018/01/08|17:20:03|662|693|37|200|803.1721115112305
2018/01/08|17:30:03|637|664|0|200|707.503080368042
2018/01/08|17:40:03|623|650|3|200|727.3809909820557
2018/01/08|17:50:03|636|662|0|200|705.3911685943604
2018/01/08|18:00:03|639|669|0|200|721.4739322662354
2018/01/08|18:10:03|622|648|128|200|818.8271522521973
2018/01/08|18:20:03|638|667|45|200|785.377025604248
2018/01/08|18:30:03|628|656|0|200|699.228048324585
2018/01/08|18:40:03|628|658|58|200|768.4640884399414
2018/01/08|18:50:03|624|657|3|200|703.2301425933838
2018/01/08|19:00:03|636|666|0|200|717.3001766204834
2018/01/08|19:10:03|639|674|0|200|718.9109325408936
2018/01/08|19:20:03|631|660|112|200|844.7299003601074
2018/01/08|19:30:04|623|660|0|200|703.3112049102783
2018/01/08|19:40:03|626|662|0|200|716.3538932800293
2018/01/08|19:50:04|624|670|3|200|716.8619632720947
2018/01/08|20:00:03|644|673|0|200|728.287935256958
2018/01/08|20:10:03|620|648|5|200|698.1542110443115
2018/01/08|20:20:03|622|653|0|200|703.7620544433594
2018/01/08|20:30:04|626|656|121|200|820.8658695220947
2018/01/08|20:40:03|631|664|0|200|714.9970531463623
2018/01/08|20:50:03|620|1452|16|200|1511.552095413208
2018/01/08|21:00:03|662|694|4|200|772.2668647766113
2018/01/08|21:10:03|625|650|0|200|693.7930583953857
2018/01/08|21:20:03|629|664|0|200|1227.8690338134766
2018/01/08|21:30:03|633|659|0|200|702.6200294494629
2018/01/08|21:40:03|637|669|105|200|826.4107704162598
2018/01/08|21:50:03|627|654|14|200|713.6061191558838
2018/01/08|22:00:03|637|670|4|200|748.6429214477539
2018/01/08|22:10:03|622|653|4|200|699.8958587646484
2018/01/08|22:20:03|626|655|0|200|704.9391269683838
2018/01/08|22:30:03|621|652|0|200|695.4140663146973
2018/01/08|22:40:03|632|658|36|200|744.8718547821045
2018/01/08|22:50:03|620|645|117|200|807.6200485229492
2018/01/08|23:00:03|656|684|0|200|756.1261653900146
2018/01/08|23:10:03|620|652|4|200|700.8640766143799
2018/01/08|23:20:03|624|662|2|200|717.9639339447021
2018/01/08|23:30:03|626|657|0|200|700.0420093536377
2018/01/08|23:40:03|622|654|30|200|756.4289569854736
2018/01/08|23:50:04|626|653|100|200|795.7148551940918
2018/01/09|00:00:04|636|668|0|200|740.92698097229
2018/01/09|00:10:03|622|654|0|200|697.5469589233398
2018/01/09|00:20:03|627|659|3|200|713.6452198028564
2018/01/09|00:30:03|638|670|3|200|717.3571586608887
2018/01/09|00:40:03|619|651|55|200|1905.5578708648682
2018/01/09|00:50:03|635|659|19|200|721.8921184539795
2018/01/09|01:00:03|680|713|105|200|891.2339210510254
2018/01/09|01:10:05|639|672|0|200|714.9012088775635
2018/01/09|01:20:03|629|661|19|200|731.8189144134521
2018/01/09|01:30:03|635|669|0|200|711.9550704956055
2018/01/09|01:40:03|638|665|2|200|738.6989593505859
2018/01/09|01:50:03|619|648|3|200|694.1089630126953
2018/01/09|02:00:03|663|690|119|200|881.5319538116455
2018/01/09|02:10:03|621|656|0|200|698.8780498504639
2018/01/09|02:20:03|627|661|0|200|733.7968349456787
2018/01/09|02:30:03|616|652|0|200|694.4751739501953
2018/01/09|02:40:03|642|672|3|200|726.0830402374268
2018/01/09|02:50:03|634|663|32|200|737.8969192504883
2018/01/09|03:00:03|637|665|128|200|864.6950721740723
2018/01/09|03:10:03|624|655|30|200|726.6409397125244
2018/01/09|03:20:03|622|655|0|200|730.6840419769287
2018/01/09|03:30:03|626|660|0|200|703.563928604126
2018/01/09|03:40:03|638|666|0|200|738.1730079650879
2018/01/09|03:50:03|624|658|3|200|704.3650150299072
2018/01/09|04:00:03|648|675|21|200|747.967004776001
2018/01/09|04:10:03|622|653|169|200|866.6250705718994
2018/01/09|04:20:03|622|651|0|200|722.9361534118652
2018/01/09|04:30:03|626|653|0|200|696.7380046844482
2018/01/09|04:40:03|632|660|0|200|710.2420330047607
2018/01/09|04:50:03|626|652|0|200|695.0268745422363
2018/01/09|05:00:03|631|662|59|200|1866.6977882385254
2018/01/09|05:10:03|625|653|135|200|830.8091163635254
2018/01/09|05:20:03|628|656|0|200|728.5020351409912
2018/01/09|05:30:03|640|668|0|200|712.777853012085
2018/01/09|05:40:03|633|668|0|200|720.8511829376221
2018/01/09|05:50:03|636|667|22|200|733.767032623291
2018/01/09|06:00:03|685|718|18|200|789.4210815429688
2018/01/09|06:10:03|700|726|117|200|886.3739967346191
2018/01/09|06:20:03|678|706|2|200|781.3920974731445
2018/01/09|06:30:04|734|764|0|200|809.3950748443604
2018/01/09|06:40:03|681|707|0|200|758.7380409240723
2018/01/09|06:50:04|667|692|0|200|735.6431484222412
2018/01/09|07:00:03|719|749|0|200|823.6219882965088
2018/01/09|07:10:03|672|701|30|200|774.4050025939941
2018/01/09|07:20:03|748|779|99|200|933.6249828338623
2018/01/09|07:30:03|674|708|3|200|755.6569576263428
2018/01/09|07:40:03|712|741|0|200|791.8088436126709
2018/01/09|07:50:03|694|721|0|200|764.1658782958984
2018/01/09|08:00:03|684|710|0|200|782.7010154724121
2018/01/09|08:10:03|665|700|0|200|743.4239387512207
2018/01/09|08:20:03|648|679|127|200|879.9359798431396
2018/01/09|08:30:03|663|691|0|200|733.922004699707
2018/01/09|08:40:03|661|697|0|200|771.1260318756104
2018/01/09|08:50:03|677|709|3|200|754.4839382171631
2018/01/09|09:00:03|686|714|0|200|793.8151359558105
2018/01/09|09:10:03|664|695|0|200|738.1868362426758
2018/01/09|09:20:03|671|705|49|200|829.387903213501
2018/01/09|09:30:03|651|685|106|200|834.0339660644531
2018/01/09|09:40:03|634|669|0|200|741.3060665130615
2018/01/09|09:50:03|684|715|21|200|779.6750068664551
2018/01/09|10:00:03|653|682|0|200|1823.9309787750244
2018/01/09|10:10:03|642|675|0|200|718.3890342712402
2018/01/09|10:20:03|646|675|3|200|730.7989597320557
2018/01/09|10:30:03|625|660|0|200|702.4970054626465
2018/01/09|10:40:03|658|687|106|200|865.2248382568359
2018/01/09|10:50:03|639|674|0|200|717.1378135681152
2018/01/09|11:00:03|633|664|0|200|736.9351387023926
2018/01/09|11:10:03|660|694|0|200|737.6220226287842
2018/01/09|11:20:03|649|677|0|200|749.4819164276123
2018/01/09|11:30:03|629|660|3|200|706.6140174865723
2018/01/09|11:40:03|630|656|0|200|728.7960052490234
2018/01/09|11:50:03|668|703|99|200|845.9129333496094
2018/01/09|12:00:07|645|679|0|200|752.0401477813721
2018/01/09|12:10:03|701|731|0|200|775.0949859619141
2018/01/09|12:20:03|640|677|0|200|752.0649433135986
2018/01/09|12:30:03|652|677|44|200|765.4159069061279
2018/01/09|12:40:03|630|657|3|200|733.3788871765137
2018/01/09|12:50:03|646|678|0|200|724.4410514831543
2018/01/09|13:00:03|633|660|118|200|850.0301837921143
2018/01/09|13:10:03|636|662|0|200|704.6189308166504
2018/01/09|13:20:03|643|675|0|200|728.7411689758301
2018/01/09|13:30:03|651|683|49|200|776.2830257415771
2018/01/09|13:40:03|628|657|3|200|906.7530632019043
2018/01/09|13:50:03|647|677|0|200|723.3259677886963
2018/01/09|14:00:03|642|677|100|200|829.0441036224365
2018/01/09|14:10:03|640|666|0|200|711.2131118774414
2018/01/09|14:20:03|648|680|0|200|752.877950668335
2018/01/09|14:30:03|646|680|44|200|767.0958042144775
2018/01/09|14:40:03|636|666|0|200|738.4490966796875
2018/01/09|14:50:03|668|706|4|200|754.0328502655029
2018/01/09|15:00:03|645|679|0|200|730.9060096740723
2018/01/09|15:10:03|623|649|120|200|812.9310607910156
2018/01/09|15:20:03|636|664|0|200|717.9150581359863
2018/01/09|15:30:03|630|657|0|200|700.3929615020752
2018/01/09|15:40:03|625|660|0|200|733.2160472869873
2018/01/09|15:50:03|668|695|3|200|740.7479286193848
2018/01/09|16:00:03|692|726|0|200|799.6299266815186
2018/01/09|16:10:03|621|650|107|200|799.5619773864746
2018/01/09|16:20:03|648|684|0|200|737.0212078094482
2018/01/09|16:30:03|637|666|0|200|711.0800743103027
2018/01/09|16:40:03|642|672|0|200|744.4779872894287
2018/01/09|16:50:03|657|685|0|200|727.94508934021
2018/01/09|17:00:03|647|676|3|200|731.4810752868652
2018/01/09|17:10:03|643|678|0|200|721.4021682739258
2018/01/09|17:20:03|644|671|103|200|846.966028213501
2018/01/09|17:30:03|626|659|4|200|707.0140838623047
2018/01/09|17:40:03|638|665|0|200|716.7079448699951
2018/01/09|17:50:03|664|688|0|200|733.1869602203369
2018/01/09|18:00:03|652|678|18|200|768.773078918457
2018/01/09|18:10:03|648|682|0|200|729.6061515808105
2018/01/09|18:20:03|697|730|110|200|913.4988784790039
2018/01/09|18:30:03|645|674|0|200|718.0118560791016
2018/01/09|18:40:03|646|676|4|200|734.7331047058105
2018/01/09|18:50:03|653|678|19|200|739.778995513916
2018/01/09|19:00:03|648|676|0|200|727.3759841918945
2018/01/09|19:10:03|635|664|0|200|707.2300910949707
2018/01/09|19:20:03|641|674|94|200|841.4218425750732
2018/01/09|19:30:03|635|662|2|200|707.3471546173096
2018/01/09|19:40:03|624|650|0|200|723.5491275787354
2018/01/09|19:50:03|652|679|4|200|725.8689403533936
2018/01/09|20:00:03|631|665|0|200|718.4100151062012
2018/01/09|20:10:03|630|675|0|200|718.1570529937744
2018/01/09|20:20:03|627|653|0|200|725.2559661865234
2018/01/09|20:30:03|652|678|102|200|824.3439197540283
2018/01/09|20:40:03|621|653|2|200|706.1319351196289
2018/01/09|20:50:07|646|678|4|200|724.951982498169
2018/01/09|21:00:03|653|680|0|200|753.0560493469238
2018/01/09|21:10:03|632|657|18|200|719.1009521484375
2018/01/09|21:20:03|651|678|0|200|750.3621578216553
2018/01/09|21:30:04|651|677|117|200|837.1000289916992
2018/01/09|21:40:03|637|669|3|200|722.6510047912598
2018/01/09|21:50:03|628|662|0|200|705.3449153900146
2018/01/09|22:00:03|656|724|4|200|3576.7409801483154
2018/01/09|22:10:03|630|662|0|200|704.8671245574951
2018/01/09|22:20:03|639|670|0|200|723.2739925384521
2018/01/09|22:30:03|627|652|21|200|715.8100605010986
2018/01/09|22:40:03|632|657|117|200|848.491907119751
2018/01/09|22:50:03|651|678|0|200|721.7152118682861
2018/01/09|23:00:04|652|680|0|200|731.3849925994873
2018/01/09|23:10:03|629|664|5|200|713.4110927581787
2018/01/09|23:20:03|626|657|0|200|709.1600894927979
2018/01/09|23:30:03|634|666|0|200|709.0549468994141
2018/01/09|23:40:03|638|672|0|200|746.1888790130615
2018/01/09|23:50:03|623|655|129|200|827.8470039367676
2018/01/10|00:00:04|649|681|0|200|734.4241142272949
2018/01/10|00:10:03|627|661|24|200|727.6430130004883
2018/01/10|00:20:03|621|654|0|200|705.1699161529541
2018/01/10|00:30:03|626|657|0|200|700.416088104248
2018/01/10|00:40:03|616|644|0|200|717.7989482879639
2018/01/10|00:50:03|628|653|0|200|695.5509185791016
2018/01/10|01:00:03|722|752|105|200|931.1189651489258
2018/01/10|01:10:03|685|716|25|200|784.1670513153076
2018/01/10|01:20:03|626|659|4|200|713.5679721832275
2018/01/10|01:30:03|628|658|0|200|703.4640312194824
2018/01/10|01:40:03|639|672|0|200|745.4738616943359
2018/01/10|01:50:03|625|653|0|200|696.307897567749
2018/01/10|02:00:41|653|677|104|200|853.0328273773193
2018/01/10|02:10:12|622|648|0|200|691.748857498169
2018/01/10|02:20:05|663|700|2|200|753.4451484680176
2018/01/10|02:30:03|623|649|25|200|717.2129154205322
2018/01/10|02:40:03|624|653|0|200|705.83176612854
2018/01/10|02:50:03|634|661|19|200|722.5220203399658
2018/01/10|03:00:03|636|662|21|200|756.1140060424805
2018/01/10|03:10:03|621|654|98|200|795.4628467559814
2018/01/10|03:20:03|627|659|0|200|730.2799224853516
2018/01/10|03:30:03|624|661|19|200|722.8031158447266
2018/01/10|03:40:03|628|660|26|200|738.3890151977539
2018/01/10|03:50:03|628|653|0|200|696.0229873657227
2018/01/10|04:00:03|656|689|0|200|740.5529022216797
2018/01/10|04:10:03|653|679|103|200|824.8801231384277
2018/01/10|04:20:03|624|652|49|200|1374.169111251831
2018/01/10|04:30:03|637|663|21|200|727.0500659942627
2018/01/10|04:40:03|626|654|0|200|704.901933670044
2018/01/10|04:50:03|626|651|4|200|697.9160308837891
2018/01/10|05:00:03|644|677|4|200|753.6630630493164
2018/01/10|05:10:03|628|654|0|200|699.9781131744385
2018/01/10|05:20:03|629|656|116|200|823.5890865325928
2018/01/10|05:30:04|639|665|0|200|707.2150707244873
2018/01/10|05:40:03|640|666|21|200|736.9401454925537
2018/01/10|05:50:03|642|667|0|200|710.4620933532715
2018/01/10|06:00:03|667|698|3|200|882.9851150512695
2018/01/10|06:10:03|663|690|4|200|735.6860637664795
2018/01/10|06:20:03|667|691|124|200|888.7050151824951
2018/01/10|06:30:03|660|685|19|200|746.8781471252441
2018/01/10|06:40:03|672|698|0|200|770.9560394287109
2018/01/10|06:50:04|657|683|0|200|725.5251407623291
2018/01/10|07:00:03|696|721|0|200|772.29905128479
2018/01/10|07:10:03|721|749|3|200|794.5210933685303
2018/01/10|07:20:03|680|714|117|200|883.167028427124
2018/01/10|07:30:03|662|692|0|200|736.0689640045166
2018/01/10|07:40:03|655|685|18|200|777.3861885070801
2018/01/10|07:50:03|648|683|3|200|728.3551692962646
2018/01/10|08:00:04|638|663|19|200|1414.184808731079
2018/01/10|08:10:03|630|663|0|200|705.8370113372803
2018/01/10|08:20:03|642|672|151|200|1615.5400276184082
2018/01/10|08:30:03|648|676|45|200|763.7817859649658
2018/01/10|08:40:03|636|662|0|200|713.4830951690674
2018/01/10|08:50:04|646|678|3|200|725.5818843841553
2018/01/10|09:00:03|668|701|0|200|774.4669914245605
2018/01/10|09:10:05|638|665|0|200|709.0630531311035
2018/01/10|09:20:03|669|702|0|200|753.6630630493164
2018/01/10|09:30:03|650|679|101|200|823.065996170044
2018/01/10|09:40:03|638|672|0|200|723.369836807251
2018/01/10|09:50:03|640|674|4|200|720.649003982544
2018/01/10|10:00:03|634|662|0|200|735.3720664978027
2018/01/10|10:10:03|633|661|4|200|708.406925201416
2018/01/10|10:20:03|642|677|0|200|728.334903717041
2018/01/10|10:30:03|668|696|98|200|837.9390239715576
2018/01/10|10:40:03|626|653|0|200|704.1800022125244
2018/01/10|10:50:03|645|673|0|200|716.9318199157715
2018/01/10|11:00:03|647|674|3|200|751.5451908111572
2018/01/10|11:10:03|632|667|0|200|710.6640338897705
2018/01/10|11:20:03|653|682|4|200|759.3390941619873
2018/01/10|11:30:03|647|677|107|200|826.8899917602539
2018/01/10|11:40:03|644|673|0|200|746.4570999145508
2018/01/10|11:50:03|638|665|0|200|708.6760997772217
2018/01/10|12:00:03|641|677|19|200|769.8850631713867
2018/01/10|12:10:03|637|663|0|200|706.8250179290771
2018/01/10|12:20:03|654|688|2|200|743.9630031585693
2018/01/10|12:30:03|646|679|113|200|837.2650146484375
2018/01/10|12:40:03|621|652|60|200|786.0109806060791
2018/01/10|12:50:03|636|662|0|200|704.5958042144775
2018/01/10|13:00:03|638|667|0|200|740.8230304718018
2018/01/10|13:10:03|627|655|0|200|698.5838413238525
2018/01/10|13:20:03|664|698|24|200|796.2100505828857
2018/01/10|13:30:03|619|655|0|200|697.9680061340332
2018/01/10|13:40:03|644|673|101|200|826.894998550415
2018/01/10|13:50:03|652|682|4|200|729.7601699829102
2018/01/10|14:00:03|664|690|0|200|741.3840293884277
2018/01/10|14:10:03|636|662|0|200|704.2739391326904
2018/01/10|14:20:03|644|692|0|200|765.3610706329346
2018/01/10|14:30:03|664|697|0|200|740.1020526885986
2018/01/10|14:40:03|653|681|101|200|854.8860549926758
2018/01/10|14:50:03|702|737|45|200|824.9969482421875
2018/01/10|15:00:03|644|675|3|200|730.1380634307861
2018/01/10|15:10:03|645|678|21|200|741.750955581665
2018/01/10|15:20:03|678|712|0|200|785.1078510284424
2018/01/10|15:30:03|658|688|0|200|817.7568912506104
2018/01/10|15:40:03|632|664|107|200|843.9409732818604
2018/01/10|15:50:03|638|667|22|200|732.3839664459229
2018/01/10|16:00:03|647|674|0|200|747.359037399292
2018/01/10|16:10:03|628|661|0|200|705.7468891143799
2018/01/10|16:20:03|637|663|0|200|735.6898784637451
2018/01/10|16:30:03|639|670|0|200|713.676929473877
2018/01/10|16:40:03|626|655|4|200|731.7030429840088
2018/01/10|16:50:03|668|693|106|200|842.9059982299805
2018/01/10|17:00:03|645|679|48|200|779.5882225036621
2018/01/10|17:10:03|638|671|0|200|714.6320343017578
2018/01/10|17:20:04|667|692|19|200|762.2418403625488
2018/01/10|17:30:03|631|658|0|200|701.4849185943604
2018/01/10|17:40:03|642|672|0|200|743.2079315185547
2018/01/10|17:50:04|633|664|102|200|809.4072341918945
2018/01/10|18:00:04|635|664|49|200|2300.3509044647217
2018/01/10|18:10:03|631|665|4|200|715.5740261077881
2018/01/10|18:20:03|621|652|0|200|724.7638702392578
2018/01/10|18:30:03|621|655|0|200|697.4489688873291
2018/01/10|18:40:03|625|654|0|200|706.132173538208
2018/01/10|18:50:03|616|652|0|200|694.9160099029541
2018/01/10|19:00:03|646|672|105|200|855.1158905029297
2018/01/10|19:20:11|666|700|3|200|753.648042678833
2018/01/10|19:30:04|636|663|0|200|706.3539028167725
2018/01/10|19:40:03|635|666|0|200|832.3149681091309
2018/01/10|19:50:03|628|661|0|200|703.4149169921875
2018/01/10|20:00:03|636|670|99|200|842.1628475189209
2018/01/10|20:10:03|623|651|0|200|693.976879119873
2018/01/10|20:20:03|672|704|0|200|778.9938449859619
2018/01/10|20:30:03|638|671|0|200|714.8699760437012
2018/01/10|20:40:03|661|690|0|200|741.9378757476807
2018/01/10|20:50:03|625|653|4|200|699.6479034423828
2018/01/10|21:00:03|634|663|0|200|734.4880104064941
2018/01/10|21:10:03|677|706|98|200|846.2381362915039
2018/01/10|21:20:03|626|655|3|200|731.9490909576416
2018/01/10|21:30:03|625|657|0|200|699.1021633148193
2018/01/10|21:40:03|630|663|0|200|737.1149063110352
2018/01/10|21:50:04|619|653|4|200|700.2720832824707
2018/01/10|22:00:04|633|665|18|200|758.0530643463135
2018/01/10|22:10:03|625|658|100|200|800.0860214233398
2018/01/10|22:20:03|626|656|0|200|707.2019577026367
2018/01/10|22:30:03|655|687|45|200|774.3000984191895
2018/01/10|22:40:03|632|661|0|200|734.3800067901611
2018/01/10|22:50:03|629|654|0|200|697.9990005493164
2018/01/10|23:00:03|635|662|0|200|734.1499328613281
2018/01/10|23:10:03|641|667|101|200|810.9860420227051
2018/01/10|23:20:03|634|664|0|200|735.9859943389893
2018/01/10|23:30:03|633|658|0|200|701.0910511016846
2018/01/10|23:40:03|639|665|3|200|718.7449932098389
2018/01/10|23:50:03|633|663|0|200|706.2599658966064
2018/01/11|00:00:03|651|686|0|200|760.0119113922119
2018/01/11|00:10:03|635|660|101|200|803.9870262145996
2018/01/11|00:20:03|627|653|4|200|730.1039695739746
2018/01/11|00:30:03|627|652|0|200|694.5598125457764
2018/01/11|00:40:03|631|660|3|200|736.7658615112305
2018/01/11|00:50:03|623|651|21|200|715.0051593780518
2018/01/11|01:00:03|687|715|0|200|787.4290943145752
2018/01/11|01:10:03|628|656|21|200|719.4080352783203
2018/01/11|01:20:03|620|651|100|200|823.0898380279541
2018/01/11|01:30:03|621|648|4|200|695.4319477081299
2018/01/11|01:40:03|634|660|61|200|793.7350273132324
2018/01/11|01:50:03|621|656|21|200|719.8469638824463
2018/01/11|02:00:03|703|730|0|200|802.0999431610107
2018/01/11|02:10:03|621|647|0|200|689.1870498657227
2018/01/11|02:20:03|621|648|96|200|816.5819644927979
